/*
created with obj2opengl.pl

source file    : .\arm.obj
vertices       : 276
faces          : 432
normals        : 430
texture coords : 0


// include generated arrays
#import ".\arm.h"

// set input data to arrays
glVertexPointer(3, GL_FLOAT, 0, armVerts);
glNormalPointer(GL_FLOAT, 0, armNormals);

// draw data
glDrawArrays(GL_TRIANGLES, 0, armNumVerts);
*/

unsigned int armNumVerts = 1296;

float armVerts [] = {
  // f 3//1 1//1 2//1
  -0.422067153213465, 0.321145242658685, 0.152062274369281,
  -0.464608729077429, 0.270340456432124, 0.137502532965906,
  -0.37738604072809, 0.37573078899957, 0.139069562001459,
  // f 2//2 1//2 4//2
  -0.37738604072809, 0.37573078899957, 0.139069562001459,
  -0.464608729077429, 0.270340456432124, 0.137502532965906,
  -0.339414527716303, 0.423278122827007, 0.101098048989672,
  // f 4//3 1//3 5//3
  -0.339414527716303, 0.423278122827007, 0.101098048989672,
  -0.464608729077429, 0.270340456432124, 0.137502532965906,
  -0.496584172290649, 0.233371884099237, 0.0982731344908912,
  // f 6//4 4//4 5//4
  -0.315673616866205, 0.454374282790257, 0.0456682118201959,
  -0.339414527716303, 0.423278122827007, 0.101098048989672,
  -0.496584172290649, 0.233371884099237, 0.0982731344908912,
  // f 7//5 6//5 5//5
  -0.511660643886406, 0.217565044370052, 0.0421458168020643,
  -0.315673616866205, 0.454374282790257, 0.0456682118201959,
  -0.496584172290649, 0.233371884099237, 0.0982731344908912,
  // f 8//6 6//6 7//6
  -0.310865447688109, 0.462859024121279, -0.0162423270288902,
  -0.315673616866205, 0.454374282790257, 0.0456682118201959,
  -0.511660643886406, 0.217565044370052, 0.0421458168020643,
  // f 9//7 8//7 7//7
  -0.506852737809222, 0.226049785701074, -0.0197647220470218,
  -0.310865447688109, 0.462859024121279, -0.0162423270288902,
  -0.511660643886406, 0.217565044370052, 0.0421458168020643,
  // f 10//5 8//5 9//5
  -0.325941919283866, 0.447052184392095, -0.0723696447177171,
  -0.310865447688109, 0.462859024121279, -0.0162423270288902,
  -0.506852737809222, 0.226049785701074, -0.0197647220470218,
  // f 11//8 10//8 9//8
  -0.483111563858212, 0.257145945664324, -0.075194559216498,
  -0.325941919283866, 0.447052184392095, -0.0723696447177171,
  -0.506852737809222, 0.226049785701074, -0.0197647220470218,
  // f 12//9 10//9 11//9
  -0.357917625597998, 0.410086243068334, -0.111599043192732,
  -0.325941919283866, 0.447052184392095, -0.0723696447177171,
  -0.483111563858212, 0.257145945664324, -0.075194559216498,
  // f 13//10 12//10 11//10
  -0.445140050846425, 0.304695910500887, -0.113166072228285,
  -0.357917625597998, 0.410086243068334, -0.111599043192732,
  -0.483111563858212, 0.257145945664324, -0.075194559216498,
  // f 14//11 12//11 13//11
  -0.40045893836105, 0.359278825832646, -0.126158784596107,
  -0.357917625597998, 0.410086243068334, -0.111599043192732,
  -0.445140050846425, 0.304695910500887, -0.113166072228285,
  // f 17//12 15//12 16//12
  -0.357917625597998, 0.410086243068334, -0.111599043192732,
  -0.40045893836105, 0.359278825832646, -0.126158784596107,
  -0.445140050846425, 0.304695910500887, -0.113166072228285,
  // f 17//13 16//13 18//13
  -0.357917625597998, 0.410086243068334, -0.111599043192732,
  -0.445140050846425, 0.304695910500887, -0.113166072228285,
  -0.483111563858212, 0.257145945664324, -0.075194559216498,
  // f 19//14 17//14 18//14
  -0.325941919283866, 0.447052184392095, -0.0723696447177171,
  -0.357917625597998, 0.410086243068334, -0.111599043192732,
  -0.483111563858212, 0.257145945664324, -0.075194559216498,
  // f 19//15 18//15 20//15
  -0.325941919283866, 0.447052184392095, -0.0723696447177171,
  -0.483111563858212, 0.257145945664324, -0.075194559216498,
  -0.506852737809222, 0.226049785701074, -0.0197647220470218,
  // f 21//16 19//16 20//16
  -0.310865447688109, 0.462859024121279, -0.0162423270288902,
  -0.325941919283866, 0.447052184392095, -0.0723696447177171,
  -0.506852737809222, 0.226049785701074, -0.0197647220470218,
  // f 21//17 20//17 22//17
  -0.310865447688109, 0.462859024121279, -0.0162423270288902,
  -0.506852737809222, 0.226049785701074, -0.0197647220470218,
  -0.511660643886406, 0.217565044370052, 0.0421458168020643,
  // f 23//18 21//18 22//18
  -0.315673616866205, 0.454374282790257, 0.0456682118201959,
  -0.310865447688109, 0.462859024121279, -0.0162423270288902,
  -0.511660643886406, 0.217565044370052, 0.0421458168020643,
  // f 23//16 22//16 24//16
  -0.315673616866205, 0.454374282790257, 0.0456682118201959,
  -0.511660643886406, 0.217565044370052, 0.0421458168020643,
  -0.496584172290649, 0.233371884099237, 0.0982731344908912,
  // f 25//19 23//19 24//19
  -0.339414527716303, 0.423278122827007, 0.101098048989672,
  -0.315673616866205, 0.454374282790257, 0.0456682118201959,
  -0.496584172290649, 0.233371884099237, 0.0982731344908912,
  // f 25//20 24//20 26//20
  -0.339414527716303, 0.423278122827007, 0.101098048989672,
  -0.496584172290649, 0.233371884099237, 0.0982731344908912,
  -0.464608729077429, 0.270340456432124, 0.137502532965906,
  // f 27//21 25//21 26//21
  -0.37738604072809, 0.37573078899957, 0.139069562001459,
  -0.339414527716303, 0.423278122827007, 0.101098048989672,
  -0.464608729077429, 0.270340456432124, 0.137502532965906,
  // f 26//22 28//22 27//22
  -0.464608729077429, 0.270340456432124, 0.137502532965906,
  -0.422067153213465, 0.321145242658685, 0.152062274369281,
  -0.37738604072809, 0.37573078899957, 0.139069562001459,
  // f 31//23 29//23 30//23
  -0.325941919283866, 0.447052184392095, -0.0723696447177171,
  -0.149823220780936, 0.401901436777696, -0.0308420597709832,
  -0.310865447688109, 0.462859024121279, -0.0162423270288902,
  // f 34//24 32//24 33//24
  -0.149823220780936, 0.401901436777696, -0.0308420597709832,
  -0.325941919283866, 0.447052184392095, -0.0723696447177171,
  -0.310865447688109, 0.462859024121279, -0.0162423270288902,
  // f 30//25 35//25 36//25
  -0.310865447688109, 0.462859024121279, -0.0162423270288902,
  -0.151386566403713, 0.386225884403908, 0.0523436081751432,
  -0.315673616866205, 0.454374282790257, 0.0456682118201959,
  // f 38//26 33//26 37//26
  -0.151386566403713, 0.386225884403908, 0.0523436081751432,
  -0.310865447688109, 0.462859024121279, -0.0162423270288902,
  -0.315673616866205, 0.454374282790257, 0.0456682118201959,
  // f 36//27 39//27 40//27
  -0.315673616866205, 0.454374282790257, 0.0456682118201959,
  -0.180044570209731, 0.341300877372536, 0.126913510535764,
  -0.339414527716303, 0.423278122827007, 0.101098048989672,
  // f 42//28 37//28 41//28
  -0.180044570209731, 0.341300877372536, 0.126913510535764,
  -0.315673616866205, 0.454374282790257, 0.0456682118201959,
  -0.339414527716303, 0.423278122827007, 0.101098048989672,
  // f 44//29 40//29 43//29
  -0.37738604072809, 0.37573078899957, 0.139069562001459,
  -0.339414527716303, 0.423278122827007, 0.101098048989672,
  -0.230121356211079, 0.276028698162928, 0.178097688278321,
  // f 41//30 45//30 46//30
  -0.339414527716303, 0.423278122827007, 0.101098048989672,
  -0.37738604072809, 0.37573078899957, 0.139069562001459,
  -0.230121356211079, 0.276028698162928, 0.178097688278321,
  // f 47//31 44//31 43//31
  -0.422067153213465, 0.321145242658685, 0.152062274369281,
  -0.37738604072809, 0.37573078899957, 0.139069562001459,
  -0.230121356211079, 0.276028698162928, 0.178097688278321,
  // f 45//32 48//32 46//32
  -0.37738604072809, 0.37573078899957, 0.139069562001459,
  -0.422067153213465, 0.321145242658685, 0.152062274369281,
  -0.230121356211079, 0.276028698162928, 0.178097688278321,
  // f 50//33 47//33 49//33
  -0.464608729077429, 0.270340456432124, 0.137502532965906,
  -0.422067153213465, 0.321145242658685, 0.152062274369281,
  -0.291698020002052, 0.203333652905624, 0.195759915643289,
  // f 48//34 51//34 52//34
  -0.422067153213465, 0.321145242658685, 0.152062274369281,
  -0.464608729077429, 0.270340456432124, 0.137502532965906,
  -0.291698020002052, 0.203333652905624, 0.195759915643289,
  // f 54//35 50//35 53//35
  -0.496584172290649, 0.233371884099237, 0.0982731344908912,
  -0.464608729077429, 0.270340456432124, 0.137502532965906,
  -0.352579308080976, 0.137616043850954, 0.176400687391934,
  // f 51//36 55//36 56//36
  -0.464608729077429, 0.270340456432124, 0.137502532965906,
  -0.496584172290649, 0.233371884099237, 0.0982731344908912,
  -0.352579308080976, 0.137616043850954, 0.176400687391934,
  // f 58//37 57//37 54//37
  -0.400706516319824, 0.0918917362470482, 0.123854436224753,
  -0.511660643886406, 0.217565044370052, 0.0421458168020643,
  -0.496584172290649, 0.233371884099237, 0.0982731344908912,
  // f 60//38 59//38 55//38
  -0.511660643886406, 0.217565044370052, 0.0421458168020643,
  -0.400706516319824, 0.0918917362470482, 0.123854436224753,
  -0.496584172290649, 0.233371884099237, 0.0982731344908912,
  // f 62//39 61//39 57//39
  -0.426547498654439, 0.0752166635062231, 0.0485291711440055,
  -0.506852737809222, 0.226049785701074, -0.0197647220470218,
  -0.511660643886406, 0.217565044370052, 0.0421458168020643,
  // f 64//40 63//40 60//40
  -0.506852737809222, 0.226049785701074, -0.0197647220470218,
  -0.426547498654439, 0.0752166635062231, 0.0485291711440055,
  -0.511660643886406, 0.217565044370052, 0.0421458168020643,
  // f 66//41 65//41 61//41
  -0.424983889930749, 0.0908922158800117, -0.0346559706002957,
  -0.483111563858212, 0.257145945664324, -0.075194559216498,
  -0.506852737809222, 0.226049785701074, -0.0197647220470218,
  // f 68//42 67//42 64//42
  -0.483111563858212, 0.257145945664324, -0.075194559216498,
  -0.424983889930749, 0.0908922158800117, -0.0346559706002957,
  -0.506852737809222, 0.226049785701074, -0.0197647220470218,
  // f 70//43 69//43 65//43
  -0.396325886124732, 0.135816696709559, -0.109225872960916,
  -0.445140050846425, 0.304695910500887, -0.113166072228285,
  -0.483111563858212, 0.257145945664324, -0.075194559216498,
  // f 72//44 71//44 68//44
  -0.445140050846425, 0.304695910500887, -0.113166072228285,
  -0.396325886124732, 0.135816696709559, -0.109225872960916,
  -0.483111563858212, 0.257145945664324, -0.075194559216498,
  // f 74//45 73//45 69//45
  -0.346249100123384, 0.201089402120991, -0.160410576905299,
  -0.40045893836105, 0.359278825832646, -0.126158784596107,
  -0.445140050846425, 0.304695910500887, -0.113166072228285,
  // f 76//46 75//46 72//46
  -0.40045893836105, 0.359278825832646, -0.126158784596107,
  -0.346249100123384, 0.201089402120991, -0.160410576905299,
  -0.445140050846425, 0.304695910500887, -0.113166072228285,
  // f 78//47 77//47 73//47
  -0.223791148253486, 0.33950153023114, -0.158712786716174,
  -0.357917625597998, 0.410086243068334, -0.111599043192732,
  -0.40045893836105, 0.359278825832646, -0.126158784596107,
  // f 80//48 79//48 76//48
  -0.357917625597998, 0.410086243068334, -0.111599043192732,
  -0.223791148253486, 0.33950153023114, -0.158712786716174,
  -0.40045893836105, 0.359278825832646, -0.126158784596107,
  // f 81//49 31//49 77//49
  -0.175664203115552, 0.385225837835046, -0.106167061750818,
  -0.325941919283866, 0.447052184392095, -0.0723696447177171,
  -0.357917625597998, 0.410086243068334, -0.111599043192732,
  // f 32//50 82//50 80//50
  -0.325941919283866, 0.447052184392095, -0.0723696447177171,
  -0.175664203115552, 0.385225837835046, -0.106167061750818,
  -0.357917625597998, 0.410086243068334, -0.111599043192732,
  // f 81//51 29//51 31//51
  -0.175664203115552, 0.385225837835046, -0.106167061750818,
  -0.149823220780936, 0.401901436777696, -0.0308420597709832,
  -0.325941919283866, 0.447052184392095, -0.0723696447177171,
  // f 34//52 82//52 32//52
  -0.149823220780936, 0.401901436777696, -0.0308420597709832,
  -0.175664203115552, 0.385225837835046, -0.106167061750818,
  -0.325941919283866, 0.447052184392095, -0.0723696447177171,
  // f 30//53 29//53 35//53
  -0.310865447688109, 0.462859024121279, -0.0162423270288902,
  -0.149823220780936, 0.401901436777696, -0.0308420597709832,
  -0.151386566403713, 0.386225884403908, 0.0523436081751432,
  // f 34//54 33//54 38//54
  -0.149823220780936, 0.401901436777696, -0.0308420597709832,
  -0.310865447688109, 0.462859024121279, -0.0162423270288902,
  -0.151386566403713, 0.386225884403908, 0.0523436081751432,
  // f 36//55 35//55 39//55
  -0.315673616866205, 0.454374282790257, 0.0456682118201959,
  -0.151386566403713, 0.386225884403908, 0.0523436081751432,
  -0.180044570209731, 0.341300877372536, 0.126913510535764,
  // f 38//56 37//56 42//56
  -0.151386566403713, 0.386225884403908, 0.0523436081751432,
  -0.315673616866205, 0.454374282790257, 0.0456682118201959,
  -0.180044570209731, 0.341300877372536, 0.126913510535764,
  // f 43//57 40//57 39//57
  -0.230121356211079, 0.276028698162928, 0.178097688278321,
  -0.339414527716303, 0.423278122827007, 0.101098048989672,
  -0.180044570209731, 0.341300877372536, 0.126913510535764,
  // f 41//58 46//58 42//58
  -0.339414527716303, 0.423278122827007, 0.101098048989672,
  -0.230121356211079, 0.276028698162928, 0.178097688278321,
  -0.180044570209731, 0.341300877372536, 0.126913510535764,
  // f 49//59 47//59 43//59
  -0.291698020002052, 0.203333652905624, 0.195759915643289,
  -0.422067153213465, 0.321145242658685, 0.152062274369281,
  -0.230121356211079, 0.276028698162928, 0.178097688278321,
  // f 48//60 52//60 46//60
  -0.422067153213465, 0.321145242658685, 0.152062274369281,
  -0.291698020002052, 0.203333652905624, 0.195759915643289,
  -0.230121356211079, 0.276028698162928, 0.178097688278321,
  // f 53//61 50//61 49//61
  -0.352579308080976, 0.137616043850954, 0.176400687391934,
  -0.464608729077429, 0.270340456432124, 0.137502532965906,
  -0.291698020002052, 0.203333652905624, 0.195759915643289,
  // f 51//62 56//62 52//62
  -0.464608729077429, 0.270340456432124, 0.137502532965906,
  -0.352579308080976, 0.137616043850954, 0.176400687391934,
  -0.291698020002052, 0.203333652905624, 0.195759915643289,
  // f 58//63 54//63 53//63
  -0.400706516319824, 0.0918917362470482, 0.123854436224753,
  -0.496584172290649, 0.233371884099237, 0.0982731344908912,
  -0.352579308080976, 0.137616043850954, 0.176400687391934,
  // f 55//64 59//64 56//64
  -0.496584172290649, 0.233371884099237, 0.0982731344908912,
  -0.400706516319824, 0.0918917362470482, 0.123854436224753,
  -0.352579308080976, 0.137616043850954, 0.176400687391934,
  // f 62//65 57//65 58//65
  -0.426547498654439, 0.0752166635062231, 0.0485291711440055,
  -0.511660643886406, 0.217565044370052, 0.0421458168020643,
  -0.400706516319824, 0.0918917362470482, 0.123854436224753,
  // f 60//66 63//66 59//66
  -0.511660643886406, 0.217565044370052, 0.0421458168020643,
  -0.426547498654439, 0.0752166635062231, 0.0485291711440055,
  -0.400706516319824, 0.0918917362470482, 0.123854436224753,
  // f 62//67 66//67 61//67
  -0.426547498654439, 0.0752166635062231, 0.0485291711440055,
  -0.424983889930749, 0.0908922158800117, -0.0346559706002957,
  -0.506852737809222, 0.226049785701074, -0.0197647220470218,
  // f 67//68 63//68 64//68
  -0.424983889930749, 0.0908922158800117, -0.0346559706002957,
  -0.426547498654439, 0.0752166635062231, 0.0485291711440055,
  -0.506852737809222, 0.226049785701074, -0.0197647220470218,
  // f 66//69 70//69 65//69
  -0.424983889930749, 0.0908922158800117, -0.0346559706002957,
  -0.396325886124732, 0.135816696709559, -0.109225872960916,
  -0.483111563858212, 0.257145945664324, -0.075194559216498,
  // f 71//70 67//70 68//70
  -0.396325886124732, 0.135816696709559, -0.109225872960916,
  -0.424983889930749, 0.0908922158800117, -0.0346559706002957,
  -0.483111563858212, 0.257145945664324, -0.075194559216498,
  // f 74//71 69//71 70//71
  -0.346249100123384, 0.201089402120991, -0.160410576905299,
  -0.445140050846425, 0.304695910500887, -0.113166072228285,
  -0.396325886124732, 0.135816696709559, -0.109225872960916,
  // f 72//72 75//72 71//72
  -0.445140050846425, 0.304695910500887, -0.113166072228285,
  -0.346249100123384, 0.201089402120991, -0.160410576905299,
  -0.396325886124732, 0.135816696709559, -0.109225872960916,
  // f 83//73 73//73 74//73
  -0.28467243633241, 0.273784447378295, -0.178072278068441,
  -0.40045893836105, 0.359278825832646, -0.126158784596107,
  -0.346249100123384, 0.201089402120991, -0.160410576905299,
  // f 76//74 84//74 75//74
  -0.40045893836105, 0.359278825832646, -0.126158784596107,
  -0.28467243633241, 0.273784447378295, -0.178072278068441,
  -0.346249100123384, 0.201089402120991, -0.160410576905299,
  // f 78//75 73//75 83//75
  -0.223791148253486, 0.33950153023114, -0.158712786716174,
  -0.40045893836105, 0.359278825832646, -0.126158784596107,
  -0.28467243633241, 0.273784447378295, -0.178072278068441,
  // f 76//76 79//76 84//76
  -0.40045893836105, 0.359278825832646, -0.126158784596107,
  -0.223791148253486, 0.33950153023114, -0.158712786716174,
  -0.28467243633241, 0.273784447378295, -0.178072278068441,
  // f 81//77 77//77 78//77
  -0.175664203115552, 0.385225837835046, -0.106167061750818,
  -0.357917625597998, 0.410086243068334, -0.111599043192732,
  -0.223791148253486, 0.33950153023114, -0.158712786716174,
  // f 80//78 82//78 79//78
  -0.357917625597998, 0.410086243068334, -0.111599043192732,
  -0.175664203115552, 0.385225837835046, -0.106167061750818,
  -0.223791148253486, 0.33950153023114, -0.158712786716174,
  // f 81//79 85//79 29//79
  -0.175664203115552, 0.385225837835046, -0.106167061750818,
  -0.0451953546582571, 0.281014197356129, -0.111642981045139,
  -0.149823220780936, 0.401901436777696, -0.0308420597709832,
  // f 86//80 29//80 85//80
  -0.0216470336761959, 0.300228720105544, -0.0349511698242532,
  -0.149823220780936, 0.401901436777696, -0.0308420597709832,
  -0.0451953546582571, 0.281014197356129, -0.111642981045139,
  // f 34//81 87//81 88//81
  -0.149823220780936, 0.401901436777696, -0.0308420597709832,
  -0.0216470336761959, 0.300228720105544, -0.0349511698242532,
  -0.0451953546582571, 0.281014197356129, -0.111642981045139,
  // f 88//82 82//82 34//82
  -0.0451953546582571, 0.281014197356129, -0.111642981045139,
  -0.175664203115552, 0.385225837835046, -0.106167061750818,
  -0.149823220780936, 0.401901436777696, -0.0308420597709832,
  // f 29//83 89//83 35//83
  -0.149823220780936, 0.401901436777696, -0.0308420597709832,
  -0.0256214360622055, 0.286410397073927, 0.0496776066275837,
  -0.151386566403713, 0.386225884403908, 0.0523436081751432,
  // f 90//84 34//84 38//84
  -0.0256214360622055, 0.286410397073927, 0.0496776066275837,
  -0.149823220780936, 0.401901436777696, -0.0308420597709832,
  -0.151386566403713, 0.386225884403908, 0.0523436081751432,
  // f 35//85 91//85 39//85
  -0.151386566403713, 0.386225884403908, 0.0523436081751432,
  -0.0563318900875574, 0.242296267055244, 0.125483293974771,
  -0.180044570209731, 0.341300877372536, 0.126913510535764,
  // f 92//86 38//86 42//86
  -0.0563318900875574, 0.242296267055244, 0.125483293974771,
  -0.151386566403713, 0.386225884403908, 0.0523436081751432,
  -0.180044570209731, 0.341300877372536, 0.126913510535764,
  // f 93//87 43//87 91//87
  -0.107695239551608, 0.176629173375796, 0.17745046003328,
  -0.230121356211079, 0.276028698162928, 0.178097688278321,
  -0.0563318900875574, 0.242296267055244, 0.125483293974771,
  // f 39//88 91//88 43//88
  -0.180044570209731, 0.341300877372536, 0.126913510535764,
  -0.0563318900875574, 0.242296267055244, 0.125483293974771,
  -0.230121356211079, 0.276028698162928, 0.178097688278321,
  // f 92//89 42//89 46//89
  -0.0563318900875574, 0.242296267055244, 0.125483293974771,
  -0.180044570209731, 0.341300877372536, 0.126913510535764,
  -0.230121356211079, 0.276028698162928, 0.178097688278321,
  // f 46//90 94//90 92//90
  -0.230121356211079, 0.276028698162928, 0.178097688278321,
  -0.107695239551608, 0.176629173375796, 0.17745046003328,
  -0.0563318900875574, 0.242296267055244, 0.125483293974771,
  // f 95//91 49//91 93//91
  -0.169538950768889, 0.102410510733521, 0.195287386404227,
  -0.291698020002052, 0.203333652905624, 0.195759915643289,
  -0.107695239551608, 0.176629173375796, 0.17745046003328,
  // f 43//92 93//92 49//92
  -0.230121356211079, 0.276028698162928, 0.178097688278321,
  -0.107695239551608, 0.176629173375796, 0.17745046003328,
  -0.291698020002052, 0.203333652905624, 0.195759915643289,
  // f 94//93 46//93 52//93
  -0.107695239551608, 0.176629173375796, 0.17745046003328,
  -0.230121356211079, 0.276028698162928, 0.178097688278321,
  -0.291698020002052, 0.203333652905624, 0.195759915643289,
  // f 52//94 96//94 94//94
  -0.291698020002052, 0.203333652905624, 0.195759915643289,
  -0.169538950768889, 0.102410510733521, 0.195287386404227,
  -0.107695239551608, 0.176629173375796, 0.17745046003328,
  // f 53//95 49//95 95//95
  -0.352579308080976, 0.137616043850954, 0.176400687391934,
  -0.291698020002052, 0.203333652905624, 0.195759915643289,
  -0.169538950768889, 0.102410510733521, 0.195287386404227,
  // f 52//96 56//96 96//96
  -0.291698020002052, 0.203333652905624, 0.195759915643289,
  -0.352579308080976, 0.137616043850954, 0.176400687391934,
  -0.169538950768889, 0.102410510733521, 0.195287386404227,
  // f 58//97 53//97 97//97
  -0.400706516319824, 0.0918917362470482, 0.123854436224753,
  -0.352579308080976, 0.137616043850954, 0.176400687391934,
  -0.229613571449726, 0.034341568822782, 0.175460364730237,
  // f 56//98 59//98 98//98
  -0.352579308080976, 0.137616043850954, 0.176400687391934,
  -0.400706516319824, 0.0918917362470482, 0.123854436224753,
  -0.229613571449726, 0.034341568822782, 0.175460364730237,
  // f 62//99 58//99 99//99
  -0.426547498654439, 0.0752166635062231, 0.0485291711440055,
  -0.400706516319824, 0.0918917362470482, 0.123854436224753,
  -0.299568946903936, -0.0333100950405441, 0.0452054173149006,
  // f 100//100 99//100 58//100
  -0.276020625921875, -0.014095572291129, 0.121897228535786,
  -0.299568946903936, -0.0333100950405441, 0.0452054173149006,
  -0.400706516319824, 0.0918917362470482, 0.123854436224753,
  // f 102//101 101//101 59//101
  -0.299568946903936, -0.0333100950405441, 0.0452054173149006,
  -0.276020625921875, -0.014095572291129, 0.121897228535786,
  -0.400706516319824, 0.0918917362470482, 0.123854436224753,
  // f 59//102 63//102 102//102
  -0.400706516319824, 0.0918917362470482, 0.123854436224753,
  -0.426547498654439, 0.0752166635062231, 0.0485291711440055,
  -0.299568946903936, -0.0333100950405441, 0.0452054173149006,
  // f 62//103 99//103 66//103
  -0.426547498654439, 0.0752166635062231, 0.0485291711440055,
  -0.299568946903936, -0.0333100950405441, 0.0452054173149006,
  -0.424983889930749, 0.0908922158800117, -0.0346559706002957,
  // f 103//104 66//104 99//104
  -0.295594544517927, -0.0194891409998013, -0.0394233591369363,
  -0.424983889930749, 0.0908922158800117, -0.0346559706002957,
  -0.299568946903936, -0.0333100950405441, 0.0452054173149006,
  // f 67//105 104//105 102//105
  -0.424983889930749, 0.0908922158800117, -0.0346559706002957,
  -0.295594544517927, -0.0194891409998013, -0.0394233591369363,
  -0.299568946903936, -0.0333100950405441, 0.0452054173149006,
  // f 102//106 63//106 67//106
  -0.299568946903936, -0.0333100950405441, 0.0452054173149006,
  -0.426547498654439, 0.0752166635062231, 0.0485291711440055,
  -0.424983889930749, 0.0908922158800117, -0.0346559706002957,
  // f 66//107 103//107 70//107
  -0.424983889930749, 0.0908922158800117, -0.0346559706002957,
  -0.295594544517927, -0.0194891409998013, -0.0394233591369363,
  -0.396325886124732, 0.135816696709559, -0.109225872960916,
  // f 105//108 70//108 103//108
  -0.264884090492575, 0.0246220949088428, -0.115229046484124,
  -0.396325886124732, 0.135816696709559, -0.109225872960916,
  -0.295594544517927, -0.0194891409998013, -0.0394233591369363,
  // f 71//109 106//109 104//109
  -0.396325886124732, 0.135816696709559, -0.109225872960916,
  -0.264884090492575, 0.0246220949088428, -0.115229046484124,
  -0.295594544517927, -0.0194891409998013, -0.0394233591369363,
  // f 104//110 67//110 71//110
  -0.295594544517927, -0.0194891409998013, -0.0394233591369363,
  -0.424983889930749, 0.0908922158800117, -0.0346559706002957,
  -0.396325886124732, 0.135816696709559, -0.109225872960916,
  // f 105//111 107//111 70//111
  -0.264884090492575, 0.0246220949088428, -0.115229046484124,
  -0.213520477927612, 0.0902894516892037, -0.167196475643546,
  -0.396325886124732, 0.135816696709559, -0.109225872960916,
  // f 74//112 70//112 107//112
  -0.346249100123384, 0.201089402120991, -0.160410576905299,
  -0.396325886124732, 0.135816696709559, -0.109225872960916,
  -0.213520477927612, 0.0902894516892037, -0.167196475643546,
  // f 71//113 75//113 108//113
  -0.396325886124732, 0.135816696709559, -0.109225872960916,
  -0.346249100123384, 0.201089402120991, -0.160410576905299,
  -0.213520477927612, 0.0902894516892037, -0.167196475643546,
  // f 108//114 106//114 71//114
  -0.213520477927612, 0.0902894516892037, -0.167196475643546,
  -0.264884090492575, 0.0246220949088428, -0.115229046484124,
  -0.396325886124732, 0.135816696709559, -0.109225872960916,
  // f 107//115 109//115 74//115
  -0.213520477927612, 0.0902894516892037, -0.167196475643546,
  -0.151677292912156, 0.164507851230566, -0.185033138913579,
  -0.346249100123384, 0.201089402120991, -0.160410576905299,
  // f 83//116 74//116 109//116
  -0.28467243633241, 0.273784447378295, -0.178072278068441,
  -0.346249100123384, 0.201089402120991, -0.160410576905299,
  -0.151677292912156, 0.164507851230566, -0.185033138913579,
  // f 75//117 84//117 110//117
  -0.346249100123384, 0.201089402120991, -0.160410576905299,
  -0.28467243633241, 0.273784447378295, -0.178072278068441,
  -0.151677292912156, 0.164507851230566, -0.185033138913579,
  // f 110//118 108//118 75//118
  -0.151677292912156, 0.164507851230566, -0.185033138913579,
  -0.213520477927612, 0.0902894516892037, -0.167196475643546,
  -0.346249100123384, 0.201089402120991, -0.160410576905299,
  // f 111//119 78//119 83//119
  -0.0916024091304068, 0.232577582444043, -0.165206117239589,
  -0.223791148253486, 0.33950153023114, -0.158712786716174,
  -0.28467243633241, 0.273784447378295, -0.178072278068441,
  // f 79//120 112//120 84//120
  -0.223791148253486, 0.33950153023114, -0.158712786716174,
  -0.0916024091304068, 0.232577582444043, -0.165206117239589,
  -0.28467243633241, 0.273784447378295, -0.178072278068441,
  // f 111//121 85//121 78//121
  -0.0916024091304068, 0.232577582444043, -0.165206117239589,
  -0.0451953546582571, 0.281014197356129, -0.111642981045139,
  -0.223791148253486, 0.33950153023114, -0.158712786716174,
  // f 81//122 78//122 85//122
  -0.175664203115552, 0.385225837835046, -0.106167061750818,
  -0.223791148253486, 0.33950153023114, -0.158712786716174,
  -0.0451953546582571, 0.281014197356129, -0.111642981045139,
  // f 79//123 82//123 88//123
  -0.223791148253486, 0.33950153023114, -0.158712786716174,
  -0.175664203115552, 0.385225837835046, -0.106167061750818,
  -0.0451953546582571, 0.281014197356129, -0.111642981045139,
  // f 88//124 112//124 79//124
  -0.0451953546582571, 0.281014197356129, -0.111642981045139,
  -0.0916024091304068, 0.232577582444043, -0.165206117239589,
  -0.223791148253486, 0.33950153023114, -0.158712786716174,
  // f 85//125 113//125 86//125
  -0.0451953546582571, 0.281014197356129, -0.111642981045139,
  0.0761523113603921, 0.208532526938959, -0.035415016733199,
  -0.0216470336761959, 0.300228720105544, -0.0349511698242532,
  // f 114//126 88//126 87//126
  0.0761523113603921, 0.208532526938959, -0.035415016733199,
  -0.0451953546582571, 0.281014197356129, -0.111642981045139,
  -0.0216470336761959, 0.300228720105544, -0.0349511698242532,
  // f 29//127 86//127 89//127
  -0.149823220780936, 0.401901436777696, -0.0308420597709832,
  -0.0216470336761959, 0.300228720105544, -0.0349511698242532,
  -0.0256214360622055, 0.286410397073927, 0.0496776066275837,
  // f 87//128 34//128 90//128
  -0.0216470336761959, 0.300228720105544, -0.0349511698242532,
  -0.149823220780936, 0.401901436777696, -0.0308420597709832,
  -0.0256214360622055, 0.286410397073927, 0.0496776066275837,
  // f 35//129 89//129 91//129
  -0.151386566403713, 0.386225884403908, 0.0523436081751432,
  -0.0256214360622055, 0.286410397073927, 0.0496776066275837,
  -0.0563318900875574, 0.242296267055244, 0.125483293974771,
  // f 90//130 38//130 92//130
  -0.0256214360622055, 0.286410397073927, 0.0496776066275837,
  -0.151386566403713, 0.386225884403908, 0.0523436081751432,
  -0.0563318900875574, 0.242296267055244, 0.125483293974771,
  // f 116//131 93//131 115//131
  0.101643632582138, -0.00234785344181708, 0.1582846109527,
  -0.107695239551608, 0.176629173375796, 0.17745046003328,
  0.149030211751965, 0.0570705935629502, 0.110860145251455,
  // f 91//132 115//132 93//132
  -0.0563318900875574, 0.242296267055244, 0.125483293974771,
  0.149030211751965, 0.0570705935629502, 0.110860145251455,
  -0.107695239551608, 0.176629173375796, 0.17745046003328,
  // f 117//133 92//133 94//133
  0.149030211751965, 0.0570705935629502, 0.110860145251455,
  -0.0563318900875574, 0.242296267055244, 0.125483293974771,
  -0.107695239551608, 0.176629173375796, 0.17745046003328,
  // f 94//134 118//134 117//134
  -0.107695239551608, 0.176629173375796, 0.17745046003328,
  0.101643632582138, -0.00234785344181708, 0.1582846109527,
  0.149030211751965, 0.0570705935629502, 0.110860145251455,
  // f 120//135 119//135 116//135
  0.0457986221725506, -0.0704886219017002, 0.174513464545724,
  -0.0627473427408381, 0.0163425722896633, 0.185018294683828,
  0.101643632582138, -0.00234785344181708, 0.1582846109527,
  // f 93//136 116//136 119//136
  -0.107695239551608, 0.176629173375796, 0.17745046003328,
  0.101643632582138, -0.00234785344181708, 0.1582846109527,
  -0.0627473427408381, 0.0163425722896633, 0.185018294683828,
  // f 95//137 93//137 119//137
  -0.169538950768889, 0.102410510733521, 0.195287386404227,
  -0.107695239551608, 0.176629173375796, 0.17745046003328,
  -0.0627473427408381, 0.0163425722896633, 0.185018294683828,
  // f 94//138 96//138 121//138
  -0.107695239551608, 0.176629173375796, 0.17745046003328,
  -0.169538950768889, 0.102410510733521, 0.195287386404227,
  -0.0627473427408381, 0.0163425722896633, 0.185018294683828,
  // f 118//139 94//139 121//139
  0.101643632582138, -0.00234785344181708, 0.1582846109527,
  -0.107695239551608, 0.176629173375796, 0.17745046003328,
  -0.0627473427408381, 0.0163425722896633, 0.185018294683828,
  // f 121//140 122//140 118//140
  -0.0627473427408381, 0.0163425722896633, 0.185018294683828,
  0.0457986221725506, -0.0704886219017002, 0.174513464545724,
  0.101643632582138, -0.00234785344181708, 0.1582846109527,
  // f 97//141 53//141 95//141
  -0.229613571449726, 0.034341568822782, 0.175460364730237,
  -0.352579308080976, 0.137616043850954, 0.176400687391934,
  -0.169538950768889, 0.102410510733521, 0.195287386404227,
  // f 56//142 98//142 96//142
  -0.352579308080976, 0.137616043850954, 0.176400687391934,
  -0.229613571449726, 0.034341568822782, 0.175460364730237,
  -0.169538950768889, 0.102410510733521, 0.195287386404227,
  // f 100//143 58//143 97//143
  -0.276020625921875, -0.014095572291129, 0.121897228535786,
  -0.400706516319824, 0.0918917362470482, 0.123854436224753,
  -0.229613571449726, 0.034341568822782, 0.175460364730237,
  // f 59//144 101//144 98//144
  -0.400706516319824, 0.0918917362470482, 0.123854436224753,
  -0.276020625921875, -0.014095572291129, 0.121897228535786,
  -0.229613571449726, 0.034341568822782, 0.175460364730237,
  // f 100//145 123//145 99//145
  -0.276020625921875, -0.014095572291129, 0.121897228535786,
  -0.167750127663998, -0.092851936373329, 0.114976885231191,
  -0.299568946903936, -0.0333100950405441, 0.0452054173149006,
  // f 124//146 101//146 102//146
  -0.167750127663998, -0.092851936373329, 0.114976885231191,
  -0.276020625921875, -0.014095572291129, 0.121897228535786,
  -0.299568946903936, -0.0333100950405441, 0.0452054173149006,
  // f 99//147 125//147 103//147
  -0.299568946903936, -0.0333100950405441, 0.0452054173149006,
  -0.192234298592242, -0.109625145754561, 0.0416580277100703,
  -0.295594544517927, -0.0194891409998013, -0.0394233591369363,
  // f 126//148 102//148 104//148
  -0.192234298592242, -0.109625145754561, 0.0416580277100703,
  -0.299568946903936, -0.0333100950405441, 0.0452054173149006,
  -0.295594544517927, -0.0194891409998013, -0.0394233591369363,
  // f 103//149 127//149 105//149
  -0.295594544517927, -0.0194891409998013, -0.0394233591369363,
  -0.190139489125976, -0.0948883374369939, -0.0392936503870155,
  -0.264884090492575, 0.0246220949088428, -0.115229046484124,
  // f 128//150 104//150 106//150
  -0.190139489125976, -0.0948883374369939, -0.0392936503870155,
  -0.295594544517927, -0.0194891409998013, -0.0394233591369363,
  -0.264884090492575, 0.0246220949088428, -0.115229046484124,
  // f 130//151 129//151 105//151
  -0.161881135606225, -0.0515664042662042, -0.111844516344204,
  -0.113056183747115, 0.0117675105201462, -0.161624787617031,
  -0.264884090492575, 0.0246220949088428, -0.115229046484124,
  // f 107//152 105//152 129//152
  -0.213520477927612, 0.0902894516892037, -0.167196475643546,
  -0.264884090492575, 0.0246220949088428, -0.115229046484124,
  -0.113056183747115, 0.0117675105201462, -0.161624787617031,
  // f 106//153 108//153 131//153
  -0.264884090492575, 0.0246220949088428, -0.115229046484124,
  -0.213520477927612, 0.0902894516892037, -0.167196475643546,
  -0.113056183747115, 0.0117675105201462, -0.161624787617031,
  // f 131//154 132//154 106//154
  -0.113056183747115, 0.0117675105201462, -0.161624787617031,
  -0.161881135606225, -0.0515664042662042, -0.111844516344204,
  -0.264884090492575, 0.0246220949088428, -0.115229046484124,
  // f 129//155 133//155 107//155
  -0.113056183747115, 0.0117675105201462, -0.161624787617031,
  -0.0533343813900989, 0.0825624409865219, -0.178775283706957,
  -0.213520477927612, 0.0902894516892037, -0.167196475643546,
  // f 109//156 107//156 133//156
  -0.151677292912156, 0.164507851230566, -0.185033138913579,
  -0.213520477927612, 0.0902894516892037, -0.167196475643546,
  -0.0533343813900989, 0.0825624409865219, -0.178775283706957,
  // f 108//157 110//157 134//157
  -0.213520477927612, 0.0902894516892037, -0.167196475643546,
  -0.151677292912156, 0.164507851230566, -0.185033138913579,
  -0.0533343813900989, 0.0825624409865219, -0.178775283706957,
  // f 134//158 131//158 108//158
  -0.0533343813900989, 0.0825624409865219, -0.178775283706957,
  -0.113056183747115, 0.0117675105201462, -0.161624787617031,
  -0.213520477927612, 0.0902894516892037, -0.167196475643546,
  // f 111//159 83//159 109//159
  -0.0916024091304068, 0.232577582444043, -0.165206117239589,
  -0.28467243633241, 0.273784447378295, -0.178072278068441,
  -0.151677292912156, 0.164507851230566, -0.185033138913579,
  // f 84//160 112//160 110//160
  -0.28467243633241, 0.273784447378295, -0.178072278068441,
  -0.0916024091304068, 0.232577582444043, -0.165206117239589,
  -0.151677292912156, 0.164507851230566, -0.185033138913579,
  // f 135//161 85//161 111//161
  0.051668403533061, 0.191760106860465, -0.10873387425432,
  -0.0451953546582571, 0.281014197356129, -0.111642981045139,
  -0.0916024091304068, 0.232577582444043, -0.165206117239589,
  // f 88//162 136//162 112//162
  -0.0451953546582571, 0.281014197356129, -0.111642981045139,
  0.051668403533061, 0.191760106860465, -0.10873387425432,
  -0.0916024091304068, 0.232577582444043, -0.165206117239589,
  // f 85//163 135//163 113//163
  -0.0451953546582571, 0.281014197356129, -0.111642981045139,
  0.051668403533061, 0.191760106860465, -0.10873387425432,
  0.0761523113603921, 0.208532526938959, -0.035415016733199,
  // f 137//164 113//164 135//164
  0.184423072719182, 0.106728259810497, -0.0356857475722831,
  0.0761523113603921, 0.208532526938959, -0.035415016733199,
  0.051668403533061, 0.191760106860465, -0.10873387425432,
  // f 114//165 138//165 136//165
  0.0761523113603921, 0.208532526938959, -0.035415016733199,
  0.184423072719182, 0.106728259810497, -0.0356857475722831,
  0.051668403533061, 0.191760106860465, -0.10873387425432,
  // f 136//166 88//166 114//166
  0.051668403533061, 0.191760106860465, -0.10873387425432,
  -0.0451953546582571, 0.281014197356129, -0.111642981045139,
  0.0761523113603921, 0.208532526938959, -0.035415016733199,
  // f 89//167 86//167 139//167
  -0.0256214360622055, 0.286410397073927, 0.0496776066275837,
  -0.0216470336761959, 0.300228720105544, -0.0349511698242532,
  0.0740577649950392, 0.19379650792413, 0.0455363982629742,
  // f 113//168 139//168 86//168
  0.0761523113603921, 0.208532526938959, -0.035415016733199,
  0.0740577649950392, 0.19379650792413, 0.0455363982629742,
  -0.0216470336761959, 0.300228720105544, -0.0349511698242532,
  // f 140//169 114//169 87//169
  0.0740577649950392, 0.19379650792413, 0.0455363982629742,
  0.0761523113603921, 0.208532526938959, -0.035415016733199,
  -0.0216470336761959, 0.300228720105544, -0.0349511698242532,
  // f 87//170 90//170 140//170
  -0.0216470336761959, 0.300228720105544, -0.0349511698242532,
  -0.0256214360622055, 0.286410397073927, 0.0496776066275837,
  0.0740577649950392, 0.19379650792413, 0.0455363982629742,
  // f 91//171 89//171 115//171
  -0.0563318900875574, 0.242296267055244, 0.125483293974771,
  -0.0256214360622055, 0.286410397073927, 0.0496776066275837,
  0.149030211751965, 0.0570705935629502, 0.110860145251455,
  // f 139//172 115//172 89//172
  0.0740577649950392, 0.19379650792413, 0.0455363982629742,
  0.149030211751965, 0.0570705935629502, 0.110860145251455,
  -0.0256214360622055, 0.286410397073927, 0.0496776066275837,
  // f 141//173 115//173 139//173
  0.178574076330768, 0.095998741493017, 0.0416327700224589,
  0.149030211751965, 0.0570705935629502, 0.110860145251455,
  0.0740577649950392, 0.19379650792413, 0.0455363982629742,
  // f 117//174 142//174 140//174
  0.149030211751965, 0.0570705935629502, 0.110860145251455,
  0.178574076330768, 0.095998741493017, 0.0416327700224589,
  0.0740577649950392, 0.19379650792413, 0.0455363982629742,
  // f 117//175 140//175 90//175
  0.149030211751965, 0.0570705935629502, 0.110860145251455,
  0.0740577649950392, 0.19379650792413, 0.0455363982629742,
  -0.0256214360622055, 0.286410397073927, 0.0496776066275837,
  // f 90//176 92//176 117//176
  -0.0256214360622055, 0.286410397073927, 0.0496776066275837,
  -0.0563318900875574, 0.242296267055244, 0.125483293974771,
  0.149030211751965, 0.0570705935629502, 0.110860145251455,
  // f 144//177 116//177 143//177
  0.237959635721458, -0.124569014490358, 0.134427672600137,
  0.101643632582138, -0.00234785344181708, 0.1582846109527,
  0.278007541135628, -0.0734458761595282, 0.0939430196710219,
  // f 115//178 143//178 116//178
  0.149030211751965, 0.0570705935629502, 0.110860145251455,
  0.278007541135628, -0.0734458761595282, 0.0939430196710219,
  0.101643632582138, -0.00234785344181708, 0.1582846109527,
  // f 145//179 117//179 118//179
  0.278007541135628, -0.0734458761595282, 0.0939430196710219,
  0.149030211751965, 0.0570705935629502, 0.110860145251455,
  0.101643632582138, -0.00234785344181708, 0.1582846109527,
  // f 118//180 146//180 145//180
  0.101643632582138, -0.00234785344181708, 0.1582846109527,
  0.237959635721458, -0.124569014490358, 0.134427672600137,
  0.278007541135628, -0.0734458761595282, 0.0939430196710219,
  // f 147//181 97//181 119//181
  -0.121536715463535, -0.0478961465351809, 0.166141593506215,
  -0.229613571449726, 0.034341568822782, 0.175460364730237,
  -0.0627473427408381, 0.0163425722896633, 0.185018294683828,
  // f 95//182 119//182 97//182
  -0.169538950768889, 0.102410510733521, 0.195287386404227,
  -0.0627473427408381, 0.0163425722896633, 0.185018294683828,
  -0.229613571449726, 0.034341568822782, 0.175460364730237,
  // f 121//183 96//183 98//183
  -0.0627473427408381, 0.0163425722896633, 0.185018294683828,
  -0.169538950768889, 0.102410510733521, 0.195287386404227,
  -0.229613571449726, 0.034341568822782, 0.175460364730237,
  // f 98//184 148//184 121//184
  -0.229613571449726, 0.034341568822782, 0.175460364730237,
  -0.121536715463535, -0.0478961465351809, 0.166141593506215,
