/*
created with obj2opengl.pl

source file    : .\calf.obj
vertices       : 280
faces          : 440
normals        : 438
texture coords : 0


// include generated arrays
#import ".\calf.h"

// set input data to arrays
glVertexPointer(3, GL_FLOAT, 0, calfVerts);
glNormalPointer(GL_FLOAT, 0, calfNormals);

// draw data
glDrawArrays(GL_TRIANGLES, 0, calfNumVerts);
*/

unsigned int calfNumVerts = 1320;

float calfVerts [] = {
  // f 3//1 1//1 2//1
  -0.208886143732385, -0.478557740780022, -0.125722055114236,
  -0.202519079931304, -0.491726277777735, -0.0821157972254999,
  -0.198791980666279, -0.470309774905009, -0.169830422564065,
  // f 2//2 1//2 4//2
  -0.198791980666279, -0.470309774905009, -0.169830422564065,
  -0.202519079931304, -0.491726277777735, -0.0821157972254999,
  -0.180951619366223, -0.507206023204598, -0.0476478649646443,
  // f 5//3 2//3 4//3
  -0.174235455216572, -0.468614706366284, -0.205704159019971,
  -0.198791980666279, -0.470309774905009, -0.169830422564065,
  -0.180951619366223, -0.507206023204598, -0.0476478649646443,
  // f 6//4 5//4 4//4
  -0.148455197986716, -0.521931664009744, -0.0291453755304006,
  -0.174235455216572, -0.468614706366284, -0.205704159019971,
  -0.180951619366223, -0.507206023204598, -0.0476478649646443,
  // f 7//5 5//5 6//5
  -0.140080379781321, -0.473808984471384, -0.226238166300475,
  -0.174235455216572, -0.468614706366284, -0.205704159019971,
  -0.148455197986716, -0.521931664009744, -0.0291453755304006,
  // f 8//6 7//6 6//6
  -0.111466460319558, -0.532985425634384, -0.0302725149026457,
  -0.140080379781321, -0.473808984471384, -0.226238166300475,
  -0.148455197986716, -0.521931664009744, -0.0291453755304006,
  // f 9//7 7//7 8//7
  -0.103091642114163, -0.48486257513601, -0.22736530567272,
  -0.140080379781321, -0.473808984471384, -0.226238166300475,
  -0.111466460319558, -0.532985425634384, -0.0302725149026457,
  // f 10//8 9//8 8//8
  -0.0773115558443205, -0.538180558539554, -0.0508068641031768,
  -0.103091642114163, -0.48486257513601, -0.22736530567272,
  -0.111466460319558, -0.532985425634384, -0.0302725149026457,
  // f 11//8 9//8 10//8
  -0.0705953916946696, -0.499589070741226, -0.20886298719849,
  -0.103091642114163, -0.48486257513601, -0.22736530567272,
  -0.0773115558443205, -0.538180558539554, -0.0508068641031768,
  // f 12//9 11//9 10//9
  -0.0527550303946145, -0.536485490000829, -0.0866806005590834,
  -0.0705953916946696, -0.499589070741226, -0.20886298719849,
  -0.0773115558443205, -0.538180558539554, -0.0508068641031768,
  // f 13//10 11//10 12//10
  -0.0490277601695747, -0.515068816168089, -0.174395225897648,
  -0.0705953916946696, -0.499589070741226, -0.20886298719849,
  -0.0527550303946145, -0.536485490000829, -0.0866806005590834,
  // f 14//11 13//11 12//11
  -0.0426606963684942, -0.528236498365732, -0.130788626088884,
  -0.0490277601695747, -0.515068816168089, -0.174395225897648,
  -0.0527550303946145, -0.536485490000829, -0.0866806005590834,
  // f 17//12 15//12 16//12
  -0.0490277601695747, -0.515068816168089, -0.174395225897648,
  -0.0426606963684942, -0.528236498365732, -0.130788626088884,
  -0.0527550303946145, -0.536485490000829, -0.0866806005590834,
  // f 18//13 17//13 16//13
  -0.0705953916946696, -0.499589070741226, -0.20886298719849,
  -0.0490277601695747, -0.515068816168089, -0.174395225897648,
  -0.0527550303946145, -0.536485490000829, -0.0866806005590834,
  // f 18//14 16//14 19//14
  -0.0705953916946696, -0.499589070741226, -0.20886298719849,
  -0.0527550303946145, -0.536485490000829, -0.0866806005590834,
  -0.0773115558443205, -0.538180558539554, -0.0508068641031768,
  // f 20//15 18//15 19//15
  -0.103091642114163, -0.48486257513601, -0.22736530567272,
  -0.0705953916946696, -0.499589070741226, -0.20886298719849,
  -0.0773115558443205, -0.538180558539554, -0.0508068641031768,
  // f 20//15 19//15 21//15
  -0.103091642114163, -0.48486257513601, -0.22736530567272,
  -0.0773115558443205, -0.538180558539554, -0.0508068641031768,
  -0.111466460319558, -0.532985425634384, -0.0302725149026457,
  // f 22//16 20//16 21//16
  -0.140080379781321, -0.473808984471384, -0.226238166300475,
  -0.103091642114163, -0.48486257513601, -0.22736530567272,
  -0.111466460319558, -0.532985425634384, -0.0302725149026457,
  // f 22//17 21//17 23//17
  -0.140080379781321, -0.473808984471384, -0.226238166300475,
  -0.111466460319558, -0.532985425634384, -0.0302725149026457,
  -0.148455197986716, -0.521931664009744, -0.0291453755304006,
  // f 24//18 22//18 23//18
  -0.174235455216572, -0.468614706366284, -0.205704159019971,
  -0.140080379781321, -0.473808984471384, -0.226238166300475,
  -0.148455197986716, -0.521931664009744, -0.0291453755304006,
  // f 24//19 23//19 25//19
  -0.174235455216572, -0.468614706366284, -0.205704159019971,
  -0.148455197986716, -0.521931664009744, -0.0291453755304006,
  -0.180951619366223, -0.507206023204598, -0.0476478649646443,
  // f 26//20 24//20 25//20
  -0.198791980666279, -0.470309774905009, -0.169830422564065,
  -0.174235455216572, -0.468614706366284, -0.205704159019971,
  -0.180951619366223, -0.507206023204598, -0.0476478649646443,
  // f 26//21 25//21 27//21
  -0.198791980666279, -0.470309774905009, -0.169830422564065,
  -0.180951619366223, -0.507206023204598, -0.0476478649646443,
  -0.202519079931304, -0.491726277777735, -0.0821157972254999,
  // f 27//22 28//22 26//22
  -0.202519079931304, -0.491726277777735, -0.0821157972254999,
  -0.208886143732385, -0.478557740780022, -0.125722055114236,
  -0.198791980666279, -0.470309774905009, -0.169830422564065,
  // f 31//23 29//23 30//23
  -0.148455197986716, -0.521931664009744, -0.0291453755304006,
  -0.180951619366223, -0.507206023204598, -0.0476478649646443,
  -0.102932478341137, -0.351960653699317, 0.021482039172947,
  // f 32//24 30//24 29//24
  -0.137738911429695, -0.336472018351727, 0.00164315530933276,
  -0.102932478341137, -0.351960653699317, 0.021482039172947,
  -0.180951619366223, -0.507206023204598, -0.0476478649646443,
  // f 35//25 33//25 34//25
  -0.102932478341137, -0.351960653699317, 0.021482039172947,
  -0.137738911429695, -0.336472018351727, 0.00164315530933276,
  -0.180951619366223, -0.507206023204598, -0.0476478649646443,
  // f 34//26 36//26 35//26
  -0.180951619366223, -0.507206023204598, -0.0476478649646443,
  -0.148455197986716, -0.521931664009744, -0.0291453755304006,
  -0.102932478341137, -0.351960653699317, 0.021482039172947,
  // f 38//27 31//27 37//27
  -0.111466460319558, -0.532985425634384, -0.0302725149026457,
  -0.148455197986716, -0.521931664009744, -0.0291453755304006,
  -0.0633165981389732, -0.363497890243524, 0.0203484033201703,
  // f 30//28 37//28 31//28
  -0.102932478341137, -0.351960653699317, 0.021482039172947,
  -0.0633165981389732, -0.363497890243524, 0.0203484033201703,
  -0.148455197986716, -0.521931664009744, -0.0291453755304006,
  // f 39//29 35//29 36//29
  -0.0633165981389732, -0.363497890243524, 0.0203484033201703,
  -0.102932478341137, -0.351960653699317, 0.021482039172947,
  -0.148455197986716, -0.521931664009744, -0.0291453755304006,
  // f 36//30 40//30 39//30
  -0.148455197986716, -0.521931664009744, -0.0291453755304006,
  -0.111466460319558, -0.532985425634384, -0.0302725149026457,
  -0.0633165981389732, -0.363497890243524, 0.0203484033201703,
  // f 42//31 38//31 41//31
  -0.0773115558443205, -0.538180558539554, -0.0508068641031768,
  -0.111466460319558, -0.532985425634384, -0.0302725149026457,
  -0.0267373097053242, -0.368799189317382, -0.00153328175062686,
  // f 37//32 41//32 38//32
  -0.0633165981389732, -0.363497890243524, 0.0203484033201703,
  -0.0267373097053242, -0.368799189317382, -0.00153328175062686,
  -0.111466460319558, -0.532985425634384, -0.0302725149026457,
  // f 43//33 39//33 40//33
  -0.0267373097053242, -0.368799189317382, -0.00153328175062686,
  -0.0633165981389732, -0.363497890243524, 0.0203484033201703,
  -0.111466460319558, -0.532985425634384, -0.0302725149026457,
  // f 40//34 44//34 43//34
  -0.111466460319558, -0.532985425634384, -0.0302725149026457,
  -0.0773115558443205, -0.538180558539554, -0.0508068641031768,
  -0.0267373097053242, -0.368799189317382, -0.00153328175062686,
  // f 41//35 45//35 42//35
  -0.0267373097053242, -0.368799189317382, -0.00153328175062686,
  -0.000439898433144087, -0.366814685474971, -0.0398293506447771,
  -0.0773115558443205, -0.538180558539554, -0.0508068641031768,
  // f 46//36 42//36 45//36
  -0.0527550303946145, -0.536485490000829, -0.0866806005590834,
  -0.0773115558443205, -0.538180558539554, -0.0508068641031768,
  -0.000439898433144087, -0.366814685474971, -0.0398293506447771,
  // f 44//37 47//37 48//37
  -0.0773115558443205, -0.538180558539554, -0.0508068641031768,
  -0.0527550303946145, -0.536485490000829, -0.0866806005590834,
  -0.000439898433144087, -0.366814685474971, -0.0398293506447771,
  // f 48//38 43//38 44//38
  -0.000439898433144087, -0.366814685474971, -0.0398293506447771,
  -0.0267373097053242, -0.368799189317382, -0.00153328175062686,
  -0.0773115558443205, -0.538180558539554, -0.0508068641031768,
  // f 45//39 49//39 46//39
  -0.000439898433144087, -0.366814685474971, -0.0398293506447771,
  0.0103669969312922, -0.357938099628511, -0.0869548204215256,
  -0.0527550303946145, -0.536485490000829, -0.0866806005590834,
  // f 50//40 46//40 49//40
  -0.0426606963684942, -0.528236498365732, -0.130788626088884,
  -0.0527550303946145, -0.536485490000829, -0.0866806005590834,
  0.0103669969312922, -0.357938099628511, -0.0869548204215256,
  // f 47//41 51//41 52//41
  -0.0527550303946145, -0.536485490000829, -0.0866806005590834,
  -0.0426606963684942, -0.528236498365732, -0.130788626088884,
  0.0103669969312922, -0.357938099628511, -0.0869548204215256,
  // f 52//42 48//42 47//42
  0.0103669969312922, -0.357938099628511, -0.0869548204215256,
  -0.000439898433144087, -0.366814685474971, -0.0398293506447771,
  -0.0527550303946145, -0.536485490000829, -0.0866806005590834,
  // f 49//43 53//43 50//43
  0.0103669969312922, -0.357938099628511, -0.0869548204215256,
  0.00354346989285478, -0.343925533041722, -0.133575274316944,
  -0.0426606963684942, -0.528236498365732, -0.130788626088884,
  // f 54//44 50//44 53//44
  -0.0490277601695747, -0.515068816168089, -0.174395225897648,
  -0.0426606963684942, -0.528236498365732, -0.130788626088884,
  0.00354346989285478, -0.343925533041722, -0.133575274316944,
  // f 51//45 55//45 56//45
  -0.0426606963684942, -0.528236498365732, -0.130788626088884,
  -0.0490277601695747, -0.515068816168089, -0.174395225897648,
  0.00354346989285478, -0.343925533041722, -0.133575274316944,
  // f 56//46 52//46 51//46
  0.00354346989285478, -0.343925533041722, -0.133575274316944,
  0.0103669969312922, -0.357938099628511, -0.0869548204215256,
  -0.0426606963684942, -0.528236498365732, -0.130788626088884,
  // f 53//47 57//47 54//47
  0.00354346989285478, -0.343925533041722, -0.133575274316944,
  -0.0195593825578827, -0.327554231141895, -0.170457674855399,
  -0.0490277601695747, -0.515068816168089, -0.174395225897648,
  // f 58//48 54//48 57//48
  -0.0705953916946696, -0.499589070741226, -0.20886298719849,
  -0.0490277601695747, -0.515068816168089, -0.174395225897648,
  -0.0195593825578827, -0.327554231141895, -0.170457674855399,
  // f 55//49 59//49 60//49
  -0.0490277601695747, -0.515068816168089, -0.174395225897648,
  -0.0705953916946696, -0.499589070741226, -0.20886298719849,
  -0.0195593825578827, -0.327554231141895, -0.170457674855399,
  // f 60//50 56//50 55//50
  -0.0195593825578827, -0.327554231141895, -0.170457674855399,
  0.00354346989285478, -0.343925533041722, -0.133575274316944,
  -0.0490277601695747, -0.515068816168089, -0.174395225897648,
  // f 58//51 57//51 61//51
  -0.0705953916946696, -0.499589070741226, -0.20886298719849,
  -0.0195593825578827, -0.327554231141895, -0.170457674855399,
  -0.103091642114163, -0.48486257513601, -0.22736530567272,
  // f 62//52 61//52 57//52
  -0.0543659866064551, -0.312066279634361, -0.190296900639041,
  -0.103091642114163, -0.48486257513601, -0.22736530567272,
  -0.0195593825578827, -0.327554231141895, -0.170457674855399,
  // f 64//53 63//53 60//53
  -0.103091642114163, -0.48486257513601, -0.22736530567272,
  -0.0543659866064551, -0.312066279634361, -0.190296900639041,
  -0.0195593825578827, -0.327554231141895, -0.170457674855399,
  // f 60//54 59//54 64//54
  -0.0195593825578827, -0.327554231141895, -0.170457674855399,
  -0.0705953916946696, -0.499589070741226, -0.20886298719849,
  -0.103091642114163, -0.48486257513601, -0.22736530567272,
  // f 61//55 62//55 65//55
  -0.103091642114163, -0.48486257513601, -0.22736530567272,
  -0.0543659866064551, -0.312066279634361, -0.190296900639041,
  -0.140080379781321, -0.473808984471384, -0.226238166300475,
  // f 66//56 65//56 62//56
  -0.0939818668086188, -0.30052887213014, -0.189163264786265,
  -0.140080379781321, -0.473808984471384, -0.226238166300475,
  -0.0543659866064551, -0.312066279634361, -0.190296900639041,
  // f 68//57 67//57 63//57
  -0.140080379781321, -0.473808984471384, -0.226238166300475,
  -0.0939818668086188, -0.30052887213014, -0.189163264786265,
  -0.0543659866064551, -0.312066279634361, -0.190296900639041,
  // f 63//58 64//58 68//58
  -0.0543659866064551, -0.312066279634361, -0.190296900639041,
  -0.103091642114163, -0.48486257513601, -0.22736530567272,
  -0.140080379781321, -0.473808984471384, -0.226238166300475,
  // f 65//59 66//59 69//59
  -0.140080379781321, -0.473808984471384, -0.226238166300475,
  -0.0939818668086188, -0.30052887213014, -0.189163264786265,
  -0.174235455216572, -0.468614706366284, -0.205704159019971,
  // f 70//60 69//60 66//60
  -0.130560984282254, -0.295227060176239, -0.16728123779544,
  -0.174235455216572, -0.468614706366284, -0.205704159019971,
  -0.0939818668086188, -0.30052887213014, -0.189163264786265,
  // f 72//61 71//61 67//61
  -0.174235455216572, -0.468614706366284, -0.205704159019971,
  -0.130560984282254, -0.295227060176239, -0.16728123779544,
  -0.0939818668086188, -0.30052887213014, -0.189163264786265,
  // f 67//62 68//62 72//62
  -0.0939818668086188, -0.30052887213014, -0.189163264786265,
  -0.140080379781321, -0.473808984471384, -0.226238166300475,
  -0.174235455216572, -0.468614706366284, -0.205704159019971,
  // f 74//63 73//63 70//63
  -0.156858395554434, -0.297211734978665, -0.128985339861303,
  -0.198791980666279, -0.470309774905009, -0.169830422564065,
  -0.130560984282254, -0.295227060176239, -0.16728123779544,
  // f 69//64 70//64 73//64
  -0.174235455216572, -0.468614706366284, -0.205704159019971,
  -0.130560984282254, -0.295227060176239, -0.16728123779544,
  -0.198791980666279, -0.470309774905009, -0.169830422564065,
  // f 71//65 72//65 75//65
  -0.130560984282254, -0.295227060176239, -0.16728123779544,
  -0.174235455216572, -0.468614706366284, -0.205704159019971,
  -0.198791980666279, -0.470309774905009, -0.169830422564065,
  // f 75//66 76//66 71//66
  -0.198791980666279, -0.470309774905009, -0.169830422564065,
  -0.156858395554434, -0.297211734978665, -0.128985339861303,
  -0.130560984282254, -0.295227060176239, -0.16728123779544,
  // f 78//67 77//67 74//67
  -0.167665632838898, -0.306089688505237, -0.0818602120045828,
  -0.208886143732385, -0.478557740780022, -0.125722055114236,
  -0.156858395554434, -0.297211734978665, -0.128985339861303,
  // f 73//68 74//68 77//68
  -0.198791980666279, -0.470309774905009, -0.169830422564065,
  -0.156858395554434, -0.297211734978665, -0.128985339861303,
  -0.208886143732385, -0.478557740780022, -0.125722055114236,
  // f 76//69 75//69 79//69
  -0.156858395554434, -0.297211734978665, -0.128985339861303,
  -0.198791980666279, -0.470309774905009, -0.169830422564065,
  -0.208886143732385, -0.478557740780022, -0.125722055114236,
  // f 79//70 80//70 76//70
  -0.208886143732385, -0.478557740780022, -0.125722055114236,
  -0.167665632838898, -0.306089688505237, -0.0818602120045828,
  -0.156858395554434, -0.297211734978665, -0.128985339861303,
  // f 82//71 81//71 78//71
  -0.160841934840447, -0.320100887411913, -0.0352394161891369,
  -0.202519079931304, -0.491726277777735, -0.0821157972254999,
  -0.167665632838898, -0.306089688505237, -0.0818602120045828,
  // f 77//72 78//72 81//72
  -0.208886143732385, -0.478557740780022, -0.125722055114236,
  -0.167665632838898, -0.306089688505237, -0.0818602120045828,
  -0.202519079931304, -0.491726277777735, -0.0821157972254999,
  // f 80//73 79//73 83//73
  -0.167665632838898, -0.306089688505237, -0.0818602120045828,
  -0.208886143732385, -0.478557740780022, -0.125722055114236,
  -0.202519079931304, -0.491726277777735, -0.0821157972254999,
  // f 83//74 84//74 80//74
  -0.202519079931304, -0.491726277777735, -0.0821157972254999,
  -0.160841934840447, -0.320100887411913, -0.0352394161891369,
  -0.167665632838898, -0.306089688505237, -0.0818602120045828,
  // f 32//75 29//75 82//75
  -0.137738911429695, -0.336472018351727, 0.00164315530933276,
  -0.180951619366223, -0.507206023204598, -0.0476478649646443,
  -0.160841934840447, -0.320100887411913, -0.0352394161891369,
  // f 81//76 82//76 29//76
  -0.202519079931304, -0.491726277777735, -0.0821157972254999,
  -0.160841934840447, -0.320100887411913, -0.0352394161891369,
  -0.180951619366223, -0.507206023204598, -0.0476478649646443,
  // f 84//77 83//77 34//77
  -0.160841934840447, -0.320100887411913, -0.0352394161891369,
  -0.202519079931304, -0.491726277777735, -0.0821157972254999,
  -0.180951619366223, -0.507206023204598, -0.0476478649646443,
  // f 34//78 33//78 84//78
  -0.180951619366223, -0.507206023204598, -0.0476478649646443,
  -0.137738911429695, -0.336472018351727, 0.00164315530933276,
  -0.160841934840447, -0.320100887411913, -0.0352394161891369,
  // f 32//79 85//79 30//79
  -0.137738911429695, -0.336472018351727, 0.00164315530933276,
  -0.0688444192313701, -0.197091738144845, 0.076755634176538,
  -0.102932478341137, -0.351960653699317, 0.021482039172947,
  // f 86//80 33//80 35//80
  -0.0688444192313701, -0.197091738144845, 0.076755634176538,
  -0.137738911429695, -0.336472018351727, 0.00164315530933276,
  -0.102932478341137, -0.351960653699317, 0.021482039172947,
  // f 30//81 87//81 37//81
  -0.102932478341137, -0.351960653699317, 0.021482039172947,
  -0.0225552858430674, -0.206261691375314, 0.0764834658342638,
  -0.0633165981389732, -0.363497890243524, 0.0203484033201703,
  // f 88//82 35//82 39//82
  -0.0225552858430674, -0.206261691375314, 0.0764834658342638,
  -0.102932478341137, -0.351960653699317, 0.021482039172947,
  -0.0633165981389732, -0.363497890243524, 0.0203484033201703,
  // f 37//83 89//83 41//83
  -0.0633165981389732, -0.363497890243524, 0.0203484033201703,
  0.0201633476530256, -0.208699923094858, 0.0523902420224744,
  -0.0267373097053242, -0.368799189317382, -0.00153328175062686,
  // f 90//84 39//84 43//84
  0.0201633476530256, -0.208699923094858, 0.0523902420224744,
  -0.0633165981389732, -0.363497890243524, 0.0203484033201703,
  -0.0267373097053242, -0.368799189317382, -0.00153328175062686,
  // f 91//85 45//85 41//85
  0.0508501572844341, -0.203925351824107, 0.0092474567316688,
  -0.000439898433144087, -0.366814685474971, -0.0398293506447771,
  -0.0267373097053242, -0.368799189317382, -0.00153328175062686,
  // f 48//86 92//86 43//86
  -0.000439898433144087, -0.366814685474971, -0.0398293506447771,
  0.0508501572844341, -0.203925351824107, 0.0092474567316688,
  -0.0267373097053242, -0.368799189317382, -0.00153328175062686,
  // f 91//87 93//87 45//87
  0.0508501572844341, -0.203925351824107, 0.0092474567316688,
  0.063427343593751, -0.192881505880279, -0.0443994537387944,
  -0.000439898433144087, -0.366814685474971, -0.0398293506447771,
  // f 49//88 45//88 93//88
  0.0103669969312922, -0.357938099628511, -0.0869548204215256,
  -0.000439898433144087, -0.366814685474971, -0.0398293506447771,
  0.063427343593751, -0.192881505880279, -0.0443994537387944,
  // f 48//89 52//89 94//89
  -0.000439898433144087, -0.366814685474971, -0.0398293506447771,
  0.0103669969312922, -0.357938099628511, -0.0869548204215256,
  0.063427343593751, -0.192881505880279, -0.0443994537387944,
  // f 94//90 92//90 48//90
  0.063427343593751, -0.192881505880279, -0.0443994537387944,
  0.0508501572844341, -0.203925351824107, 0.0092474567316688,
  -0.000439898433144087, -0.366814685474971, -0.0398293506447771,
  // f 93//91 95//91 49//91
  0.063427343593751, -0.192881505880279, -0.0443994537387944,
  0.0554040191771221, -0.177757699202547, -0.0979254954793656,
  0.0103669969312922, -0.357938099628511, -0.0869548204215256,
  // f 53//92 49//92 95//92
  0.00354346989285478, -0.343925533041722, -0.133575274316944,
  0.0103669969312922, -0.357938099628511, -0.0869548204215256,
  0.0554040191771221, -0.177757699202547, -0.0979254954793656,
  // f 52//93 56//93 96//93
  0.0103669969312922, -0.357938099628511, -0.0869548204215256,
  0.00354346989285478, -0.343925533041722, -0.133575274316944,
  0.0554040191771221, -0.177757699202547, -0.0979254954793656,
  // f 96//94 94//94 52//94
  0.0554040191771221, -0.177757699202547, -0.0979254954793656,
  0.063427343593751, -0.192881505880279, -0.0443994537387944,
  0.0103669969312922, -0.357938099628511, -0.0869548204215256,
  // f 95//95 57//95 53//95
  0.0554040191771221, -0.177757699202547, -0.0979254954793656,
  -0.0195593825578827, -0.327554231141895, -0.170457674855399,
  0.00354346989285478, -0.343925533041722, -0.133575274316944,
  // f 60//96 96//96 56//96
  -0.0195593825578827, -0.327554231141895, -0.170457674855399,
  0.0554040191771221, -0.177757699202547, -0.0979254954793656,
  0.00354346989285478, -0.343925533041722, -0.133575274316944,
  // f 57//97 97//97 62//97
  -0.0195593825578827, -0.327554231141895, -0.170457674855399,
  0.0283694283246112, -0.161547441635899, -0.140728925142398,
  -0.0543659866064551, -0.312066279634361, -0.190296900639041,
  // f 98//98 60//98 63//98
  0.0283694283246112, -0.161547441635899, -0.140728925142398,
  -0.0195593825578827, -0.327554231141895, -0.170457674855399,
  -0.0543659866064551, -0.312066279634361, -0.190296900639041,
  // f 62//99 99//99 66//99
  -0.0543659866064551, -0.312066279634361, -0.190296900639041,
  -0.0123226451656281, -0.147463413763262, -0.164332177554088,
  -0.0939818668086188, -0.30052887213014, -0.189163264786265,
  // f 100//100 63//100 67//100
  -0.0123226451656281, -0.147463413763262, -0.164332177554088,
  -0.0543659866064551, -0.312066279634361, -0.190296900639041,
  -0.0939818668086188, -0.30052887213014, -0.189163264786265,
  // f 66//101 101//101 70//101
  -0.0939818668086188, -0.30052887213014, -0.189163264786265,
  -0.0586116075939168, -0.138293460532793, -0.164060180171828,
  -0.130560984282254, -0.295227060176239, -0.16728123779544,
  // f 102//102 67//102 71//102
  -0.0586116075939168, -0.138293460532793, -0.164060180171828,
  -0.0939818668086188, -0.30052887213014, -0.189163264786265,
  -0.130560984282254, -0.295227060176239, -0.16728123779544,
  // f 74//103 70//103 103//103
  -0.156858395554434, -0.297211734978665, -0.128985339861303,
  -0.130560984282254, -0.295227060176239, -0.16728123779544,
  -0.10133024109001, -0.135854886893221, -0.139966956360039,
  // f 71//104 76//104 104//104
  -0.130560984282254, -0.295227060176239, -0.16728123779544,
  -0.156858395554434, -0.297211734978665, -0.128985339861303,
  -0.10133024109001, -0.135854886893221, -0.139966956360039,
  // f 78//105 74//105 105//105
  -0.167665632838898, -0.306089688505237, -0.0818602120045828,
  -0.156858395554434, -0.297211734978665, -0.128985339861303,
  -0.144594237030735, -0.151672620267744, -0.0431769186787421,
  // f 76//106 80//106 106//106
  -0.156858395554434, -0.297211734978665, -0.128985339861303,
  -0.167665632838898, -0.306089688505237, -0.0818602120045828,
  -0.144594237030735, -0.151672620267744, -0.0431769186787421,
  // f 82//107 78//107 107//107
  -0.160841934840447, -0.320100887411913, -0.0352394161891369,
  -0.167665632838898, -0.306089688505237, -0.0818602120045828,
  -0.136570912614106, -0.166797281745546, 0.0103489521018152,
  // f 80//108 84//108 108//108
  -0.167665632838898, -0.306089688505237, -0.0818602120045828,
  -0.160841934840447, -0.320100887411913, -0.0352394161891369,
  -0.136570912614106, -0.166797281745546, 0.0103489521018152,
  // f 32//109 82//109 109//109
  -0.137738911429695, -0.336472018351727, 0.00164315530933276,
  -0.160841934840447, -0.320100887411913, -0.0352394161891369,
  -0.109536150801581, -0.183007539312194, 0.0531523817648479,
  // f 84//110 33//110 110//110
  -0.160841934840447, -0.320100887411913, -0.0352394161891369,
  -0.137738911429695, -0.336472018351727, 0.00164315530933276,
  -0.109536150801581, -0.183007539312194, 0.0531523817648479,
  // f 32//111 109//111 85//111
  -0.137738911429695, -0.336472018351727, 0.00164315530933276,
  -0.109536150801581, -0.183007539312194, 0.0531523817648479,
  -0.0688444192313701, -0.197091738144845, 0.076755634176538,
  // f 110//112 33//112 86//112
  -0.109536150801581, -0.183007539312194, 0.0531523817648479,
  -0.137738911429695, -0.336472018351727, 0.00164315530933276,
  -0.0688444192313701, -0.197091738144845, 0.076755634176538,
  // f 30//113 85//113 87//113
  -0.102932478341137, -0.351960653699317, 0.021482039172947,
  -0.0688444192313701, -0.197091738144845, 0.076755634176538,
  -0.0225552858430674, -0.206261691375314, 0.0764834658342638,
  // f 86//114 35//114 88//114
  -0.0688444192313701, -0.197091738144845, 0.076755634176538,
  -0.102932478341137, -0.351960653699317, 0.021482039172947,
  -0.0225552858430674, -0.206261691375314, 0.0764834658342638,
  // f 37//115 87//115 89//115
  -0.0633165981389732, -0.363497890243524, 0.0203484033201703,
  -0.0225552858430674, -0.206261691375314, 0.0764834658342638,
  0.0201633476530256, -0.208699923094858, 0.0523902420224744,
  // f 88//116 39//116 90//116
  -0.0225552858430674, -0.206261691375314, 0.0764834658342638,
  -0.0633165981389732, -0.363497890243524, 0.0203484033201703,
  0.0201633476530256, -0.208699923094858, 0.0523902420224744,
  // f 91//117 41//117 89//117
  0.0508501572844341, -0.203925351824107, 0.0092474567316688,
  -0.0267373097053242, -0.368799189317382, -0.00153328175062686,
  0.0201633476530256, -0.208699923094858, 0.0523902420224744,
  // f 43//118 92//118 90//118
  -0.0267373097053242, -0.368799189317382, -0.00153328175062686,
  0.0508501572844341, -0.203925351824107, 0.0092474567316688,
  0.0201633476530256, -0.208699923094858, 0.0523902420224744,
  // f 112//119 111//119 91//119
  0.0983445587713759, -0.074176104005429, 0.0506225154778036,
  0.112513211850938, -0.0621191490186878, -0.0103862751151558,
  0.0508501572844341, -0.203925351824107, 0.0092474567316688,
  // f 93//120 91//120 111//120
  0.063427343593751, -0.192881505880279, -0.0443994537387944,
  0.0508501572844341, -0.203925351824107, 0.0092474567316688,
  0.112513211850938, -0.0621191490186878, -0.0103862751151558,
  // f 92//121 94//121 113//121
  0.0508501572844341, -0.203925351824107, 0.0092474567316688,
  0.063427343593751, -0.192881505880279, -0.0443994537387944,
  0.112513211850938, -0.0621191490186878, -0.0103862751151558,
  // f 113//122 114//122 92//122
  0.112513211850938, -0.0621191490186878, -0.0103862751151558,
  0.0983445587713759, -0.074176104005429, 0.0506225154778036,
  0.0508501572844341, -0.203925351824107, 0.0092474567316688,
  // f 111//123 115//123 93//123
  0.112513211850938, -0.0621191490186878, -0.0103862751151558,
  0.103513192874377, -0.0444765884548207, -0.0710158763970824,
  0.063427343593751, -0.192881505880279, -0.0443994537387944,
  // f 95//124 93//124 115//124
  0.0554040191771221, -0.177757699202547, -0.0979254954793656,
  0.063427343593751, -0.192881505880279, -0.0443994537387944,
  0.103513192874377, -0.0444765884548207, -0.0710158763970824,
  // f 94//125 96//125 116//125
  0.063427343593751, -0.192881505880279, -0.0443994537387944,
  0.0554040191771221, -0.177757699202547, -0.0979254954793656,
  0.103513192874377, -0.0444765884548207, -0.0710158763970824,
  // f 116//126 113//126 94//126
  0.103513192874377, -0.0444765884548207, -0.0710158763970824,
  0.112513211850938, -0.0621191490186878, -0.0103862751151558,
  0.063427343593751, -0.192881505880279, -0.0443994537387944,
  // f 97//127 57//127 95//127
  0.0283694283246112, -0.161547441635899, -0.140728925142398,
  -0.0195593825578827, -0.327554231141895, -0.170457674855399,
  0.0554040191771221, -0.177757699202547, -0.0979254954793656,
  // f 60//128 98//128 96//128
  -0.0195593825578827, -0.327554231141895, -0.170457674855399,
  0.0283694283246112, -0.161547441635899, -0.140728925142398,
  0.0554040191771221, -0.177757699202547, -0.0979254954793656,
  // f 97//129 99//129 62//129
  0.0283694283246112, -0.161547441635899, -0.140728925142398,
  -0.0123226451656281, -0.147463413763262, -0.164332177554088,
  -0.0543659866064551, -0.312066279634361, -0.190296900639041,
  // f 100//130 98//130 63//130
  -0.0123226451656281, -0.147463413763262, -0.164332177554088,
  0.0283694283246112, -0.161547441635899, -0.140728925142398,
  -0.0543659866064551, -0.312066279634361, -0.190296900639041,
  // f 99//131 101//131 66//131
  -0.0123226451656281, -0.147463413763262, -0.164332177554088,
  -0.0586116075939168, -0.138293460532793, -0.164060180171828,
  -0.0939818668086188, -0.30052887213014, -0.189163264786265,
  // f 102//132 100//132 67//132
  -0.0586116075939168, -0.138293460532793, -0.164060180171828,
  -0.0123226451656281, -0.147463413763262, -0.164332177554088,
  -0.0939818668086188, -0.30052887213014, -0.189163264786265,
  // f 101//133 103//133 70//133
  -0.0586116075939168, -0.138293460532793, -0.164060180171828,
  -0.10133024109001, -0.135854886893221, -0.139966956360039,
  -0.130560984282254, -0.295227060176239, -0.16728123779544,
  // f 104//134 102//134 71//134
  -0.10133024109001, -0.135854886893221, -0.139966956360039,
  -0.0586116075939168, -0.138293460532793, -0.164060180171828,
  -0.130560984282254, -0.295227060176239, -0.16728123779544,
  // f 74//135 103//135 117//135
  -0.156858395554434, -0.297211734978665, -0.128985339861303,
  -0.10133024109001, -0.135854886893221, -0.139966956360039,
  -0.132017050721418, -0.140629629123986, -0.0968240001092193,
  // f 104//136 76//136 118//136
  -0.10133024109001, -0.135854886893221, -0.139966956360039,
  -0.156858395554434, -0.297211734978665, -0.128985339861303,
  -0.132017050721418, -0.140629629123986, -0.0968240001092193,
  // f 105//137 74//137 117//137
  -0.144594237030735, -0.151672620267744, -0.0431769186787421,
  -0.156858395554434, -0.297211734978665, -0.128985339861303,
  -0.132017050721418, -0.140629629123986, -0.0968240001092193,
  // f 76//138 106//138 118//138
  -0.156858395554434, -0.297211734978665, -0.128985339861303,
  -0.144594237030735, -0.151672620267744, -0.0431769186787421,
  -0.132017050721418, -0.140629629123986, -0.0968240001092193,
  // f 107//139 78//139 105//139
  -0.136570912614106, -0.166797281745546, 0.0103489521018152,
  -0.167665632838898, -0.306089688505237, -0.0818602120045828,
  -0.144594237030735, -0.151672620267744, -0.0431769186787421,
  // f 80//140 108//140 106//140
  -0.167665632838898, -0.306089688505237, -0.0818602120045828,
  -0.136570912614106, -0.166797281745546, 0.0103489521018152,
  -0.144594237030735, -0.151672620267744, -0.0431769186787421,
  // f 109//141 82//141 107//141
  -0.109536150801581, -0.183007539312194, 0.0531523817648479,
  -0.160841934840447, -0.320100887411913, -0.0352394161891369,
  -0.136570912614106, -0.166797281745546, 0.0103489521018152,
  // f 84//142 110//142 108//142
  -0.160841934840447, -0.320100887411913, -0.0352394161891369,
  -0.109536150801581, -0.183007539312194, 0.0531523817648479,
  -0.136570912614106, -0.166797281745546, 0.0103489521018152,
  // f 109//143 119//143 85//143
  -0.109536150801581, -0.183007539312194, 0.0531523817648479,
  -0.0363044030482951, -0.0610164569284435, 0.128612764260526,
  -0.0688444192313701, -0.197091738144845, 0.076755634176538,
  // f 120//144 110//144 86//144
  -0.0363044030482951, -0.0610164569284435, 0.128612764260526,
  -0.109536150801581, -0.183007539312194, 0.0531523817648479,
  -0.0688444192313701, -0.197091738144845, 0.076755634176538,
  // f 85//145 121//145 87//145
  -0.0688444192313701, -0.197091738144845, 0.076755634176538,
  0.0157568532923981, -0.0735642381153538, 0.127761212430835,
  -0.0225552858430674, -0.206261691375314, 0.0764834658342638,
  // f 122//146 86//146 88//146
  0.0157568532923981, -0.0735642381153538, 0.127761212430835,
  -0.0688444192313701, -0.197091738144845, 0.076755634176538,
  -0.0225552858430674, -0.206261691375314, 0.0764834658342638,
  // f 87//147 123//147 89//147
  -0.0225552858430674, -0.206261691375314, 0.0764834658342638,
  0.0638125165052736, -0.0782606806597107, 0.099926870632872,
  0.0201633476530256, -0.208699923094858, 0.0523902420224744,
  // f 124//148 88//148 90//148
  0.0638125165052736, -0.0782606806597107, 0.099926870632872,
  -0.0225552858430674, -0.206261691375314, 0.0764834658342638,
  0.0201633476530256, -0.208699923094858, 0.0523902420224744,
  // f 112//149 91//149 89//149
  0.0983445587713759, -0.074176104005429, 0.0506225154778036,
  0.0508501572844341, -0.203925351824107, 0.0092474567316688,
  0.0201633476530256, -0.208699923094858, 0.0523902420224744,
  // f 92//150 114//150 90//150
  0.0508501572844341, -0.203925351824107, 0.0092474567316688,
  0.0983445587713759, -0.074176104005429, 0.0506225154778036,
  0.0201633476530256, -0.208699923094858, 0.0523902420224744,
  // f 126//151 125//151 112//151
  0.139253751479384, 0.0645584602286078, 0.0915380337063296,
  0.154682550822077, 0.0780307931711835, 0.0256249131919998,
  0.0983445587713759, -0.074176104005429, 0.0506225154778036,
  // f 111//152 112//152 125//152
  0.112513211850938, -0.0621191490186878, -0.0103862751151558,
  0.0983445587713759, -0.074176104005429, 0.0506225154778036,
  0.154682550822077, 0.0780307931711835, 0.0256249131919998,
  // f 114//153 113//153 127//153
  0.0983445587713759, -0.074176104005429, 0.0506225154778036,
  0.112513211850938, -0.0621191490186878, -0.0103862751151558,
  0.154682550822077, 0.0780307931711835, 0.0256249131919998,
  // f 127//154 128//154 114//154
  0.154682550822077, 0.0780307931711835, 0.0256249131919998,
  0.139253751479384, 0.0645584602286078, 0.0915380337063296,
  0.0983445587713759, -0.074176104005429, 0.0506225154778036,
  // f 125//155 129//155 111//155
  0.154682550822077, 0.0780307931711835, 0.0256249131919998,
  0.144846879297126, 0.0966979170989009, -0.0400933129063798,
  0.112513211850938, -0.0621191490186878, -0.0103862751151558,
  // f 115//156 111//156 129//156
  0.103513192874377, -0.0444765884548207, -0.0710158763970824,
  0.112513211850938, -0.0621191490186878, -0.0103862751151558,
  0.144846879297126, 0.0966979170989009, -0.0400933129063798,
  // f 113//157 116//157 130//157
  0.112513211850938, -0.0621191490186878, -0.0103862751151558,
  0.103513192874377, -0.0444765884548207, -0.0710158763970824,
  0.144846879297126, 0.0966979170989009, -0.0400933129063798,
  // f 130//158 127//158 113//158
  0.144846879297126, 0.0966979170989009, -0.0400933129063798,
  0.154682550822077, 0.0780307931711835, 0.0256249131919998,
  0.112513211850938, -0.0621191490186878, -0.0103862751151558,
  // f 115//159 97//159 95//159
  0.103513192874377, -0.0444765884548207, -0.0710158763970824,
  0.0283694283246112, -0.161547441635899, -0.140728925142398,
  0.0554040191771221, -0.177757699202547, -0.0979254954793656,
  // f 98//160 116//160 96//160
  0.0283694283246112, -0.161547441635899, -0.140728925142398,
  0.103513192874377, -0.0444765884548207, -0.0710158763970824,
  0.0554040191771221, -0.177757699202547, -0.0979254954793656,
  // f 97//161 131//161 99//161
  0.0283694283246112, -0.161547441635899, -0.140728925142398,
  0.0731260761474953, -0.0247438707598951, -0.119258056985222,
  -0.0123226451656281, -0.147463413763262, -0.164332177554088,
  // f 132//162 98//162 100//162
  0.0731260761474953, -0.0247438707598951, -0.119258056985222,
  0.0283694283246112, -0.161547441635899, -0.140728925142398,
  -0.0123226451656281, -0.147463413763262, -0.164332177554088,
  // f 99//163 133//163 101//163
  -0.0123226451656281, -0.147463413763262, -0.164332177554088,
  0.0273705089628597, -0.00682982569380953, -0.145557861697598,
  -0.0586116075939168, -0.138293460532793, -0.164060180171828,
  // f 134//164 100//164 102//164
  0.0273705089628597, -0.00682982569380953, -0.145557861697598,
  -0.0123226451656281, -0.147463413763262, -0.164332177554088,
  -0.0586116075939168, -0.138293460532793, -0.164060180171828,
  // f 101//165 135//165 103//165
  -0.0586116075939168, -0.138293460532793, -0.164060180171828,
  -0.0246905764178196, 0.00571795549310085, -0.144706309867907,
  -0.10133024109001, -0.135854886893221, -0.139966956360039,
  // f 136//166 102//166 104//166
  -0.0246905764178196, 0.00571795549310085, -0.144706309867907,
  -0.0586116075939168, -0.138293460532793, -0.164060180171828,
  -0.10133024109001, -0.135854886893221, -0.139966956360039,
  // f 117//167 103//167 137//167
  -0.132017050721418, -0.140629629123986, -0.0968240001092193,
  -0.10133024109001, -0.135854886893221, -0.139966956360039,
  -0.0727460686706811, 0.0104149109174996, -0.116871968069945,
  // f 104//168 118//168 138//168
  -0.10133024109001, -0.135854886893221, -0.139966956360039,
  -0.132017050721418, -0.140629629123986, -0.0968240001092193,
  -0.0727460686706811, 0.0104149109174996, -0.116871968069945,
  // f 140//169 105//169 139//169
  -0.121447105936374, -0.00572730456357921, -0.00655882232191709,
  -0.144594237030735, -0.151672620267744, -0.0431769186787421,
  -0.107278110936783, 0.00633033426321788, -0.0675676129148765,
  // f 117//170 139//170 105//170
  -0.132017050721418, -0.140629629123986, -0.0968240001092193,
  -0.107278110936783, 0.00633033426321788, -0.0675676129148765,
  -0.144594237030735, -0.151672620267744, -0.0431769186787421,
  // f 141//171 118//171 106//171
  -0.107278110936783, 0.00633033426321788, -0.0675676129148765,
  -0.132017050721418, -0.140629629123986, -0.0968240001092193,
  -0.144594237030735, -0.151672620267744, -0.0431769186787421,
  // f 106//172 142//172 141//172
  -0.144594237030735, -0.151672620267744, -0.0431769186787421,
  -0.121447105936374, -0.00572730456357921, -0.00655882232191709,
  -0.107278110936783, 0.00633033426321788, -0.0675676129148765,
  // f 143//173 107//173 140//173
  -0.112446745039784, -0.0233691812873904, 0.0540707789600095,
  -0.136570912614106, -0.166797281745546, 0.0103489521018152,
  -0.121447105936374, -0.00572730456357921, -0.00655882232191709,
  // f 105//174 140//174 107//174
  -0.144594237030735, -0.151672620267744, -0.0431769186787421,
  -0.121447105936374, -0.00572730456357921, -0.00655882232191709,
  -0.136570912614106, -0.166797281745546, 0.0103489521018152,
  // f 142//175 106//175 108//175
  -0.121447105936374, -0.00572730456357921, -0.00655882232191709,
  -0.144594237030735, -0.151672620267744, -0.0431769186787421,
  -0.136570912614106, -0.166797281745546, 0.0103489521018152,
  // f 108//176 144//176 142//176
  -0.136570912614106, -0.166797281745546, 0.0103489521018152,
  -0.112446745039784, -0.0233691812873904, 0.0540707789600095,
  -0.121447105936374, -0.00572730456357921, -0.00655882232191709,
  // f 109//177 107//177 145//177
  -0.109536150801581, -0.183007539312194, 0.0531523817648479,
  -0.136570912614106, -0.166797281745546, 0.0103489521018152,
  -0.0820596283129028, -0.043101898982316, 0.10231295954815,
  // f 108//178 110//178 146//178
  -0.136570912614106, -0.166797281745546, 0.0103489521018152,
  -0.109536150801581, -0.183007539312194, 0.0531523817648479,
  -0.0820596283129028, -0.043101898982316, 0.10231295954815,
  // f 109//179 145//179 119//179
  -0.109536150801581, -0.183007539312194, 0.0531523817648479,
  -0.0820596283129028, -0.043101898982316, 0.10231295954815,
  -0.0363044030482951, -0.0610164569284435, 0.128612764260526,
  // f 146//180 110//180 120//180
  -0.0820596283129028, -0.043101898982316, 0.10231295954815,
  -0.109536150801581, -0.183007539312194, 0.0531523817648479,
