/*
created with obj2opengl.pl

source file    : .\foot.obj
vertices       : 162
faces          : 252
normals        : 242
texture coords : 0


// include generated arrays
#import ".\foot.h"

// set input data to arrays
glVertexPointer(3, GL_FLOAT, 0, footVerts);
glNormalPointer(GL_FLOAT, 0, footNormals);

// draw data
glDrawArrays(GL_TRIANGLES, 0, footNumVerts);
*/

unsigned int footNumVerts = 756;

float footVerts [] = {
  // f 3//1 1//1 2//1
  0.135699268212513, 0.0550585116300423, -0.406370804569503,
  0.200551597468215, -0.00650960731105474, -0.401322556818755,
  0.189867089488006, 0.0235971902808037, -0.336168539450459,
  // f 6//2 4//2 5//2
  0.200551597468215, -0.00650960731105474, -0.401322556818755,
  0.135699268212513, 0.0550585116300423, -0.406370804569503,
  0.189867089488006, 0.0235971902808037, -0.336168539450459,
  // f 9//3 7//3 8//3
  0.111762830545746, -0.0560322696751275, 0.450639645012827,
  0.111360859069799, -0.0405903077638104, 0.438265124920398,
  0.114703172280163, -0.055619962587915, 0.42369777919476,
  // f 10//4 8//4 7//4
  0.112302237717432, -0.0249642602356416, 0.413586757969325,
  0.114703172280163, -0.055619962587915, 0.42369777919476,
  0.111360859069799, -0.0405903077638104, 0.438265124920398,
  // f 11//5 8//5 10//5
  0.205854604069598, -0.0428521305857339, -0.411492239621639,
  0.114703172280163, -0.055619962587915, 0.42369777919476,
  0.112302237717432, -0.0249642602356416, 0.413586757969325,
  // f 12//6 11//6 10//6
  0.122283365449944, -0.00293041306413531, 0.300755403858992,
  0.205854604069598, -0.0428521305857339, -0.411492239621639,
  0.112302237717432, -0.0249642602356416, 0.413586757969325,
  // f 13//7 11//7 12//7
  0.134360946224142, 0.00797784693291486, 0.180543864623895,
  0.205854604069598, -0.0428521305857339, -0.411492239621639,
  0.122283365449944, -0.00293041306413531, 0.300755403858992,
  // f 14//6 11//6 13//6
  0.147615948659995, 0.0164949492968088, 0.0521909364614211,
  0.205854604069598, -0.0428521305857339, -0.411492239621639,
  0.134360946224142, 0.00797784693291486, 0.180543864623895,
  // f 15//5 11//5 14//5
  0.159905269794699, 0.020689531425252, -0.062975148431379,
  0.205854604069598, -0.0428521305857339, -0.411492239621639,
  0.147615948659995, 0.0164949492968088, 0.0521909364614211,
  // f 16//8 11//8 15//8
  0.178893184392382, 0.0237159101399265, -0.23733327903775,
  0.205854604069598, -0.0428521305857339, -0.411492239621639,
  0.159905269794699, 0.020689531425252, -0.062975148431379,
  // f 2//6 11//6 16//6
  0.189867089488006, 0.0235971902808037, -0.336168539450459,
  0.205854604069598, -0.0428521305857339, -0.411492239621639,
  0.178893184392382, 0.0237159101399265, -0.23733327903775,
  // f 1//9 11//9 2//9
  0.200551597468215, -0.00650960731105474, -0.401322556818755,
  0.205854604069598, -0.0428521305857339, -0.411492239621639,
  0.189867089488006, 0.0235971902808037, -0.336168539450459,
  // f 11//10 1//10 17//10
  0.205854604069598, -0.0428521305857339, -0.411492239621639,
  0.200551597468215, -0.00650960731105474, -0.401322556818755,
  0.203550880120925, -0.0246326826526327, -0.409593280557364,
  // f 19//11 18//11 6//11
  0.205854604069598, -0.0428521305857339, -0.411492239621639,
  0.203550880120925, -0.0246326826526327, -0.409593280557364,
  0.200551597468215, -0.00650960731105474, -0.401322556818755,
  // f 19//12 6//12 5//12
  0.205854604069598, -0.0428521305857339, -0.411492239621639,
  0.200551597468215, -0.00650960731105474, -0.401322556818755,
  0.189867089488006, 0.0235971902808037, -0.336168539450459,
  // f 19//13 5//13 20//13
  0.205854604069598, -0.0428521305857339, -0.411492239621639,
  0.189867089488006, 0.0235971902808037, -0.336168539450459,
  0.178893184392382, 0.0237159101399265, -0.23733327903775,
  // f 19//14 20//14 21//14
  0.205854604069598, -0.0428521305857339, -0.411492239621639,
  0.178893184392382, 0.0237159101399265, -0.23733327903775,
  0.159905269794699, 0.020689531425252, -0.062975148431379,
  // f 19//15 21//15 22//15
  0.205854604069598, -0.0428521305857339, -0.411492239621639,
  0.159905269794699, 0.020689531425252, -0.062975148431379,
  0.147615948659995, 0.0164949492968088, 0.0521909364614211,
  // f 19//13 22//13 23//13
  0.205854604069598, -0.0428521305857339, -0.411492239621639,
  0.147615948659995, 0.0164949492968088, 0.0521909364614211,
  0.134360946224142, 0.00797784693291486, 0.180543864623895,
  // f 19//16 23//16 24//16
  0.205854604069598, -0.0428521305857339, -0.411492239621639,
  0.134360946224142, 0.00797784693291486, 0.180543864623895,
  0.122283365449944, -0.00293041306413531, 0.300755403858992,
  // f 19//14 24//14 25//14
  0.205854604069598, -0.0428521305857339, -0.411492239621639,
  0.122283365449944, -0.00293041306413531, 0.300755403858992,
  0.112302237717432, -0.0249642602356416, 0.413586757969325,
  // f 26//15 19//15 25//15
  0.114703172280163, -0.055619962587915, 0.42369777919476,
  0.205854604069598, -0.0428521305857339, -0.411492239621639,
  0.112302237717432, -0.0249642602356416, 0.413586757969325,
  // f 26//17 25//17 27//17
  0.114703172280163, -0.055619962587915, 0.42369777919476,
  0.112302237717432, -0.0249642602356416, 0.413586757969325,
  0.111360859069799, -0.0405903077638104, 0.438265124920398,
  // f 27//18 28//18 26//18
  0.111360859069799, -0.0405903077638104, 0.438265124920398,
  0.111762830545746, -0.0560322696751275, 0.450639645012827,
  0.114703172280163, -0.055619962587915, 0.42369777919476,
  // f 29//19 3//19 2//19
  0.11756250516953, 0.143086912772435, -0.334023481101743,
  0.135699268212513, 0.0550585116300423, -0.406370804569503,
  0.189867089488006, 0.0235971902808037, -0.336168539450459,
  // f 4//20 30//20 5//20
  0.135699268212513, 0.0550585116300423, -0.406370804569503,
  0.11756250516953, 0.143086912772435, -0.334023481101743,
  0.189867089488006, 0.0235971902808037, -0.336168539450459,
  // f 1//21 3//21 31//21
  0.200551597468215, -0.00650960731105474, -0.401322556818755,
  0.135699268212513, 0.0550585116300423, -0.406370804569503,
  0.203550880120925, -0.0246326826526327, -0.409593280557364,
  // f 4//22 6//22 32//22
  0.135699268212513, 0.0550585116300423, -0.406370804569503,
  0.200551597468215, -0.00650960731105474, -0.401322556818755,
  0.203550880120925, -0.0246326826526327, -0.409593280557364,
  // f 33//23 7//23 9//23
  0.0447243798371145, -0.0643585822418899, 0.537719963327306,
  0.111360859069799, -0.0405903077638104, 0.438265124920398,
  0.111762830545746, -0.0560322696751275, 0.450639645012827,
  // f 27//24 34//24 28//24
  0.111360859069799, -0.0405903077638104, 0.438265124920398,
  0.0447243798371145, -0.0643585822418899, 0.537719963327306,
  0.111762830545746, -0.0560322696751275, 0.450639645012827,
  // f 35//25 10//25 7//25
  0.0411898801253943, -0.0204224574368698, 0.524071090300011,
  0.112302237717432, -0.0249642602356416, 0.413586757969325,
  0.111360859069799, -0.0405903077638104, 0.438265124920398,
  // f 25//26 36//26 27//26
  0.112302237717432, -0.0249642602356416, 0.413586757969325,
  0.0411898801253943, -0.0204224574368698, 0.524071090300011,
  0.111360859069799, -0.0405903077638104, 0.438265124920398,
  // f 37//27 12//27 10//27
  0.0391442671174968, 0.0237187035483765, 0.496786473265136,
  0.122283365449944, -0.00293041306413531, 0.300755403858992,
  0.112302237717432, -0.0249642602356416, 0.413586757969325,
  // f 24//28 38//28 25//28
  0.122283365449944, -0.00293041306413531, 0.300755403858992,
  0.0391442671174968, 0.0237187035483765, 0.496786473265136,
  0.112302237717432, -0.0249642602356416, 0.413586757969325,
  // f 39//29 13//29 12//29
  0.0460886805240696, 0.0838948670588641, 0.371821111529915,
  0.134360946224142, 0.00797784693291486, 0.180543864623895,
  0.122283365449944, -0.00293041306413531, 0.300755403858992,
  // f 23//30 40//30 24//30
  0.134360946224142, 0.00797784693291486, 0.180543864623895,
  0.0460886805240696, 0.0838948670588641, 0.371821111529915,
  0.122283365449944, -0.00293041306413531, 0.300755403858992,
  // f 41//31 14//31 13//31
  0.0576316029209481, 0.111986499794929, 0.238627206523681,
  0.147615948659995, 0.0164949492968088, 0.0521909364614211,
  0.134360946224142, 0.00797784693291486, 0.180543864623895,
  // f 22//32 42//32 23//32
  0.147615948659995, 0.0164949492968088, 0.0521909364614211,
  0.0576316029209481, 0.111986499794929, 0.238627206523681,
  0.134360946224142, 0.00797784693291486, 0.180543864623895,
  // f 43//33 15//33 14//33
  0.0709894027877584, 0.133004942994879, 0.0963991392494662,
  0.159905269794699, 0.020689531425252, -0.062975148431379,
  0.147615948659995, 0.0164949492968088, 0.0521909364614211,
  // f 21//34 44//34 22//34
  0.159905269794699, 0.020689531425252, -0.062975148431379,
  0.0709894027877584, 0.133004942994879, 0.0963991392494662,
  0.147615948659995, 0.0164949492968088, 0.0521909364614211,
  // f 45//35 16//35 15//35
  0.084111438981393, 0.141981281707945, -0.0312314134878506,
  0.178893184392382, 0.0237159101399265, -0.23733327903775,
  0.159905269794699, 0.020689531425252, -0.062975148431379,
  // f 20//36 46//36 21//36
  0.178893184392382, 0.0237159101399265, -0.23733327903775,
  0.084111438981393, 0.141981281707945, -0.0312314134878506,
  0.159905269794699, 0.020689531425252, -0.062975148431379,
  // f 47//37 2//37 16//37
  0.105074852034879, 0.146042059571635, -0.224475219942635,
  0.189867089488006, 0.0235971902808037, -0.336168539450459,
  0.178893184392382, 0.0237159101399265, -0.23733327903775,
  // f 5//38 48//38 20//38
  0.189867089488006, 0.0235971902808037, -0.336168539450459,
  0.105074852034879, 0.146042059571635, -0.224475219942635,
  0.178893184392382, 0.0237159101399265, -0.23733327903775,
  // f 31//39 49//39 50//39
  0.203550880120925, -0.0246326826526327, -0.409593280557364,
  0.142718544965544, 0.00288797739626309, -0.415616707197989,
  0.205854604069598, -0.0428521305857339, -0.411492239621639,
  // f 52//40 32//40 51//40
  0.142718544965544, 0.00288797739626309, -0.415616707197989,
  0.203550880120925, -0.0246326826526327, -0.409593280557364,
  0.205854604069598, -0.0428521305857339, -0.411492239621639,
  // f 55//41 53//41 54//41
  0.114703172280163, -0.055619962587915, 0.42369777919476,
  0.205854604069598, -0.0428521305857339, -0.411492239621639,
  0.142451774458574, -0.0503231014851221, -0.358080594013548,
  // f 56//42 54//42 53//42
  0.14896684098639, -0.0493881476769242, -0.417800873265004,
  0.142451774458574, -0.0503231014851221, -0.358080594013548,
  0.205854604069598, -0.0428521305857339, -0.411492239621639,
  // f 59//43 57//43 58//43
  -0.050711861173697, -0.075492549641696, 0.554993563159255,
  0.0447243798371145, -0.0643585822418899, 0.537719963327306,
  0.0498217915765812, -0.0609774406540719, -0.366611942760536,
  // f 54//44 58//44 57//44
  0.142451774458574, -0.0503231014851221, -0.358080594013548,
  0.0498217915765812, -0.0609774406540719, -0.366611942760536,
  0.0447243798371145, -0.0643585822418899, 0.537719963327306,
  // f 60//45 58//45 54//45
  0.0565240164705434, -0.0600098039670096, -0.428052123594626,
  0.0498217915765812, -0.0609774406540719, -0.366611942760536,
  0.142451774458574, -0.0503231014851221, -0.358080594013548,
  // f 56//46 60//46 54//46
  0.14896684098639, -0.0493881476769242, -0.417800873265004,
  0.0565240164705434, -0.0600098039670096, -0.428052123594626,
  0.142451774458574, -0.0503231014851221, -0.358080594013548,
  // f 58//47 60//47 61//47
  0.0498217915765812, -0.0609774406540719, -0.366611942760536,
  0.0565240164705434, -0.0600098039670096, -0.428052123594626,
  -0.0430297085954928, -0.0714462975019451, -0.439092232470513,
  // f 64//48 62//48 63//48
  0.0565240164705434, -0.0600098039670096, -0.428052123594626,
  0.0498217915765812, -0.0609774406540719, -0.366611942760536,
  -0.0430297085954928, -0.0714462975019451, -0.439092232470513,
  // f 64//49 65//49 66//49
  0.0565240164705434, -0.0600098039670096, -0.428052123594626,
  0.14896684098639, -0.0493881476769242, -0.417800873265004,
  0.142451774458574, -0.0503231014851221, -0.358080594013548,
  // f 62//50 64//50 66//50
  0.0498217915765812, -0.0609774406540719, -0.366611942760536,
  0.0565240164705434, -0.0600098039670096, -0.428052123594626,
  0.142451774458574, -0.0503231014851221, -0.358080594013548,
  // f 62//51 66//51 67//51
  0.0498217915765812, -0.0609774406540719, -0.366611942760536,
  0.142451774458574, -0.0503231014851221, -0.358080594013548,
  0.0447243798371145, -0.0643585822418899, 0.537719963327306,
  // f 67//52 68//52 62//52
  0.0447243798371145, -0.0643585822418899, 0.537719963327306,
  -0.050711861173697, -0.075492549641696, 0.554993563159255,
  0.0498217915765812, -0.0609774406540719, -0.366611942760536,
  // f 66//53 65//53 69//53
  0.142451774458574, -0.0503231014851221, -0.358080594013548,
  0.14896684098639, -0.0493881476769242, -0.417800873265004,
  0.205854604069598, -0.0428521305857339, -0.411492239621639,
  // f 69//54 70//54 66//54
  0.205854604069598, -0.0428521305857339, -0.411492239621639,
  0.114703172280163, -0.055619962587915, 0.42369777919476,
  0.142451774458574, -0.0503231014851221, -0.358080594013548,
  // f 57//55 71//55 54//55
  0.0447243798371145, -0.0643585822418899, 0.537719963327306,
  0.111762830545746, -0.0560322696751275, 0.450639645012827,
  0.142451774458574, -0.0503231014851221, -0.358080594013548,
  // f 55//56 54//56 71//56
  0.114703172280163, -0.055619962587915, 0.42369777919476,
  0.142451774458574, -0.0503231014851221, -0.358080594013548,
  0.111762830545746, -0.0560322696751275, 0.450639645012827,
  // f 66//57 70//57 72//57
  0.142451774458574, -0.0503231014851221, -0.358080594013548,
  0.114703172280163, -0.055619962587915, 0.42369777919476,
  0.111762830545746, -0.0560322696751275, 0.450639645012827,
  // f 72//58 67//58 66//58
  0.111762830545746, -0.0560322696751275, 0.450639645012827,
  0.0447243798371145, -0.0643585822418899, 0.537719963327306,
  0.142451774458574, -0.0503231014851221, -0.358080594013548,
  // f 3//59 29//59 73//59
  0.135699268212513, 0.0550585116300423, -0.406370804569503,
  0.11756250516953, 0.143086912772435, -0.334023481101743,
  0.041260274018333, 0.06146184181986, -0.416258353118942,
  // f 30//60 4//60 74//60
  0.11756250516953, 0.143086912772435, -0.334023481101743,
  0.135699268212513, 0.0550585116300423, -0.406370804569503,
  0.041260274018333, 0.06146184181986, -0.416258353118942,
  // f 29//61 2//61 47//61
  0.11756250516953, 0.143086912772435, -0.334023481101743,
  0.189867089488006, 0.0235971902808037, -0.336168539450459,
  0.105074852034879, 0.146042059571635, -0.224475219942635,
  // f 5//62 30//62 48//62
  0.189867089488006, 0.0235971902808037, -0.336168539450459,
  0.11756250516953, 0.143086912772435, -0.334023481101743,
  0.105074852034879, 0.146042059571635, -0.224475219942635,
  // f 31//63 3//63 49//63
  0.203550880120925, -0.0246326826526327, -0.409593280557364,
  0.135699268212513, 0.0550585116300423, -0.406370804569503,
  0.142718544965544, 0.00288797739626309, -0.415616707197989,
  // f 4//64 32//64 52//64
  0.135699268212513, 0.0550585116300423, -0.406370804569503,
  0.203550880120925, -0.0246326826526327, -0.409593280557364,
  0.142718544965544, 0.00288797739626309, -0.415616707197989,
  // f 35//65 7//65 33//65
  0.0411898801253943, -0.0204224574368698, 0.524071090300011,
  0.111360859069799, -0.0405903077638104, 0.438265124920398,
  0.0447243798371145, -0.0643585822418899, 0.537719963327306,
  // f 27//66 36//66 34//66
  0.111360859069799, -0.0405903077638104, 0.438265124920398,
  0.0411898801253943, -0.0204224574368698, 0.524071090300011,
  0.0447243798371145, -0.0643585822418899, 0.537719963327306,
  // f 37//67 10//67 35//67
  0.0391442671174968, 0.0237187035483765, 0.496786473265136,
  0.112302237717432, -0.0249642602356416, 0.413586757969325,
  0.0411898801253943, -0.0204224574368698, 0.524071090300011,
  // f 25//68 38//68 36//68
  0.112302237717432, -0.0249642602356416, 0.413586757969325,
  0.0391442671174968, 0.0237187035483765, 0.496786473265136,
  0.0411898801253943, -0.0204224574368698, 0.524071090300011,
  // f 39//69 12//69 37//69
  0.0460886805240696, 0.0838948670588641, 0.371821111529915,
  0.122283365449944, -0.00293041306413531, 0.300755403858992,
  0.0391442671174968, 0.0237187035483765, 0.496786473265136,
  // f 24//70 40//70 38//70
  0.122283365449944, -0.00293041306413531, 0.300755403858992,
  0.0460886805240696, 0.0838948670588641, 0.371821111529915,
  0.0391442671174968, 0.0237187035483765, 0.496786473265136,
  // f 41//71 13//71 39//71
  0.0576316029209481, 0.111986499794929, 0.238627206523681,
  0.134360946224142, 0.00797784693291486, 0.180543864623895,
  0.0460886805240696, 0.0838948670588641, 0.371821111529915,
  // f 23//72 42//72 40//72
  0.134360946224142, 0.00797784693291486, 0.180543864623895,
  0.0576316029209481, 0.111986499794929, 0.238627206523681,
  0.0460886805240696, 0.0838948670588641, 0.371821111529915,
  // f 43//73 14//73 41//73
  0.0709894027877584, 0.133004942994879, 0.0963991392494662,
  0.147615948659995, 0.0164949492968088, 0.0521909364614211,
  0.0576316029209481, 0.111986499794929, 0.238627206523681,
  // f 22//74 44//74 42//74
  0.147615948659995, 0.0164949492968088, 0.0521909364614211,
  0.0709894027877584, 0.133004942994879, 0.0963991392494662,
  0.0576316029209481, 0.111986499794929, 0.238627206523681,
  // f 45//75 15//75 43//75
  0.084111438981393, 0.141981281707945, -0.0312314134878506,
  0.159905269794699, 0.020689531425252, -0.062975148431379,
  0.0709894027877584, 0.133004942994879, 0.0963991392494662,
  // f 21//76 46//76 44//76
  0.159905269794699, 0.020689531425252, -0.062975148431379,
  0.084111438981393, 0.141981281707945, -0.0312314134878506,
  0.0709894027877584, 0.133004942994879, 0.0963991392494662,
  // f 47//77 16//77 45//77
  0.105074852034879, 0.146042059571635, -0.224475219942635,
  0.178893184392382, 0.0237159101399265, -0.23733327903775,
  0.084111438981393, 0.141981281707945, -0.0312314134878506,
  // f 20//78 48//78 46//78
  0.178893184392382, 0.0237159101399265, -0.23733327903775,
  0.105074852034879, 0.146042059571635, -0.224475219942635,
  0.084111438981393, 0.141981281707945, -0.0312314134878506,
  // f 50//79 49//79 75//79
  0.205854604069598, -0.0428521305857339, -0.411492239621639,
  0.142718544965544, 0.00288797739626309, -0.415616707197989,
  0.14896684098639, -0.0493881476769242, -0.417800873265004,
  // f 52//80 51//80 76//80
  0.142718544965544, 0.00288797739626309, -0.415616707197989,
  0.205854604069598, -0.0428521305857339, -0.411492239621639,
  0.14896684098639, -0.0493881476769242, -0.417800873265004,
  // f 75//81 77//81 78//81
  0.14896684098639, -0.0493881476769242, -0.417800873265004,
  0.0492885299034859, 0.000781747425001683, -0.425787786705097,
  0.0565240164705434, -0.0600098039670096, -0.428052123594626,
  // f 80//82 76//82 79//82
  0.0492885299034859, 0.000781747425001683, -0.425787786705097,
  0.14896684098639, -0.0493881476769242, -0.417800873265004,
  0.0565240164705434, -0.0600098039670096, -0.428052123594626,
  // f 83//83 81//83 82//83
  -0.0963620214036057, -0.0775741976185978, -0.445006436840745,
  -0.0430297085954928, -0.0714462975019451, -0.439092232470513,
  -0.0492785632980283, -0.0191701724287578, -0.436903038268289,
  // f 78//84 82//84 81//84
  0.0565240164705434, -0.0600098039670096, -0.428052123594626,
  -0.0492785632980283, -0.0191701724287578, -0.436903038268289,
  -0.0430297085954928, -0.0714462975019451, -0.439092232470513,
  // f 85//85 79//85 84//85
  -0.0492785632980283, -0.0191701724287578, -0.436903038268289,
  0.0565240164705434, -0.0600098039670096, -0.428052123594626,
  -0.0430297085954928, -0.0714462975019451, -0.439092232470513,
  // f 84//86 86//86 85//86
  -0.0430297085954928, -0.0714462975019451, -0.439092232470513,
  -0.0963620214036057, -0.0775741976185978, -0.445006436840745,
  -0.0492785632980283, -0.0191701724287578, -0.436903038268289,
  // f 88//87 59//87 87//87
  -0.147529722003853, -0.0864527670359152, 0.518787637557778,
  -0.050711861173697, -0.075492549641696, 0.554993563159255,
  -0.0495609768923182, -0.0723846034002829, -0.379224740593745,
  // f 58//88 87//88 59//88
  0.0498217915765812, -0.0609774406540719, -0.366611942760536,
  -0.0495609768923182, -0.0723846034002829, -0.379224740593745,
  -0.050711861173697, -0.075492549641696, 0.554993563159255,
  // f 61//89 87//89 58//89
  -0.0430297085954928, -0.0714462975019451, -0.439092232470513,
  -0.0495609768923182, -0.0723846034002829, -0.379224740593745,
  0.0498217915765812, -0.0609774406540719, -0.366611942760536,
  // f 90//90 87//90 89//90
  -0.189903214121972, -0.0906850601784326, 0.412087256313393,
  -0.0495609768923182, -0.0723846034002829, -0.379224740593745,
  -0.0963620214036057, -0.0775741976185978, -0.445006436840745,
  // f 61//91 89//91 87//91
  -0.0430297085954928, -0.0714462975019451, -0.439092232470513,
  -0.0963620214036057, -0.0775741976185978, -0.445006436840745,
  -0.0495609768923182, -0.0723846034002829, -0.379224740593745,
  // f 92//92 63//92 91//92
  -0.0963620214036057, -0.0775741976185978, -0.445006436840745,
  -0.0430297085954928, -0.0714462975019451, -0.439092232470513,
  -0.0495609768923182, -0.0723846034002829, -0.379224740593745,
  // f 91//93 93//93 92//93
  -0.0495609768923182, -0.0723846034002829, -0.379224740593745,
  -0.189903214121972, -0.0906850601784326, 0.412087256313393,
  -0.0963620214036057, -0.0775741976185978, -0.445006436840745,
  // f 91//94 63//94 62//94
  -0.0495609768923182, -0.0723846034002829, -0.379224740593745,
  -0.0430297085954928, -0.0714462975019451, -0.439092232470513,
  0.0498217915765812, -0.0609774406540719, -0.366611942760536,
  // f 91//95 62//95 68//95
  -0.0495609768923182, -0.0723846034002829, -0.379224740593745,
  0.0498217915765812, -0.0609774406540719, -0.366611942760536,
  -0.050711861173697, -0.075492549641696, 0.554993563159255,
  // f 68//96 94//96 91//96
  -0.050711861173697, -0.075492549641696, 0.554993563159255,
  -0.147529722003853, -0.0864527670359152, 0.518787637557778,
  -0.0495609768923182, -0.0723846034002829, -0.379224740593745,
  // f 95//97 35//97 33//97
  -0.050711861173697, -0.075492549641696, 0.554993563159255,
  0.0411898801253943, -0.0204224574368698, 0.524071090300011,
  0.0447243798371145, -0.0643585822418899, 0.537719963327306,
  // f 36//98 96//98 34//98
  0.0411898801253943, -0.0204224574368698, 0.524071090300011,
  -0.050711861173697, -0.075492549641696, 0.554993563159255,
  0.0447243798371145, -0.0643585822418899, 0.537719963327306,
  // f 29//99 97//99 73//99
  0.11756250516953, 0.143086912772435, -0.334023481101743,
  0.021225669274455, 0.163967920276647, -0.341797257477106,
  0.041260274018333, 0.06146184181986, -0.416258353118942,
  // f 98//100 30//100 74//100
  0.021225669274455, 0.163967920276647, -0.341797257477106,
  0.11756250516953, 0.143086912772435, -0.334023481101743,
  0.041260274018333, 0.06146184181986, -0.416258353118942,
  // f 3//101 73//101 49//101
  0.135699268212513, 0.0550585116300423, -0.406370804569503,
  0.041260274018333, 0.06146184181986, -0.416258353118942,
  0.142718544965544, 0.00288797739626309, -0.415616707197989,
  // f 74//102 4//102 52//102
  0.041260274018333, 0.06146184181986, -0.416258353118942,
  0.135699268212513, 0.0550585116300423, -0.406370804569503,
  0.142718544965544, 0.00288797739626309, -0.415616707197989,
  // f 99//103 29//103 47//103
  0.0083072725568217, 0.16762449193763, -0.229091886087866,
  0.11756250516953, 0.143086912772435, -0.334023481101743,
  0.105074852034879, 0.146042059571635, -0.224475219942635,
  // f 30//104 100//104 48//104
  0.11756250516953, 0.143086912772435, -0.334023481101743,
  0.0083072725568217, 0.16762449193763, -0.229091886087866,
  0.105074852034879, 0.146042059571635, -0.224475219942635,
  // f 101//105 37//105 35//105
  -0.0550229284345031, -0.0244296018583214, 0.540966183286992,
  0.0391442671174968, 0.0237187035483765, 0.496786473265136,
  0.0411898801253943, -0.0204224574368698, 0.524071090300011,
  // f 38//106 102//106 36//106
  0.0391442671174968, 0.0237187035483765, 0.496786473265136,
  -0.0550229284345031, -0.0244296018583214, 0.540966183286992,
  0.0411898801253943, -0.0204224574368698, 0.524071090300011,
  // f 103//107 39//107 37//107
  -0.0578026491830472, 0.0268439689221792, 0.512909747497396,
  0.0460886805240696, 0.0838948670588641, 0.371821111529915,
  0.0391442671174968, 0.0237187035483765, 0.496786473265136,
  // f 40//108 104//108 38//108
  0.0460886805240696, 0.0838948670588641, 0.371821111529915,
  -0.0578026491830472, 0.0268439689221792, 0.512909747497396,
  0.0391442671174968, 0.0237187035483765, 0.496786473265136,
  // f 105//109 41//109 39//109
  -0.0515577052523415, 0.0965635330610719, 0.384364074151876,
  0.0576316029209481, 0.111986499794929, 0.238627206523681,
  0.0460886805240696, 0.0838948670588641, 0.371821111529915,
  // f 42//110 106//110 40//110
  0.0576316029209481, 0.111986499794929, 0.238627206523681,
  -0.0515577052523415, 0.0965635330610719, 0.384364074151876,
  0.0460886805240696, 0.0838948670588641, 0.371821111529915,
  // f 107//111 43//111 41//111
  -0.0400843387258668, 0.128957573491749, 0.247341802864986,
  0.0709894027877584, 0.133004942994879, 0.0963991392494662,
  0.0576316029209481, 0.111986499794929, 0.238627206523681,
  // f 44//112 108//112 42//112
  0.0709894027877584, 0.133004942994879, 0.0963991392494662,
  -0.0400843387258668, 0.128957573491749, 0.247341802864986,
  0.0576316029209481, 0.111986499794929, 0.238627206523681,
  // f 109//113 45//113 43//113
  -0.0266332390168282, 0.153110220972541, 0.101023068256667,
  0.084111438981393, 0.141981281707945, -0.0312314134878506,
  0.0709894027877584, 0.133004942994879, 0.0963991392494662,
  // f 46//114 110//114 44//114
  0.084111438981393, 0.141981281707945, -0.0312314134878506,
  -0.0266332390168282, 0.153110220972541, 0.101023068256667,
  0.0709894027877584, 0.133004942994879, 0.0963991392494662,
  // f 111//115 47//115 45//115
  -0.0132421975894635, 0.163291636090914, -0.0302816546148679,
  0.105074852034879, 0.146042059571635, -0.224475219942635,
  0.084111438981393, 0.141981281707945, -0.0312314134878506,
  // f 48//116 112//116 46//116
  0.105074852034879, 0.146042059571635, -0.224475219942635,
  -0.0132421975894635, 0.163291636090914, -0.0302816546148679,
  0.084111438981393, 0.141981281707945, -0.0312314134878506,
  // f 75//117 49//117 77//117
  0.14896684098639, -0.0493881476769242, -0.417800873265004,
  0.142718544965544, 0.00288797739626309, -0.415616707197989,
  0.0492885299034859, 0.000781747425001683, -0.425787786705097,
  // f 52//118 76//118 80//118
  0.142718544965544, 0.00288797739626309, -0.415616707197989,
  0.14896684098639, -0.0493881476769242, -0.417800873265004,
  0.0492885299034859, 0.000781747425001683, -0.425787786705097,
  // f 78//119 77//119 82//119
  0.0565240164705434, -0.0600098039670096, -0.428052123594626,
  0.0492885299034859, 0.000781747425001683, -0.425787786705097,
  -0.0492785632980283, -0.0191701724287578, -0.436903038268289,
  // f 80//120 79//120 85//120
  0.0492885299034859, 0.000781747425001683, -0.425787786705097,
  0.0565240164705434, -0.0600098039670096, -0.428052123594626,
  -0.0492785632980283, -0.0191701724287578, -0.436903038268289,
  // f 83//121 82//121 113//121
  -0.0963620214036057, -0.0775741976185978, -0.445006436840745,
  -0.0492785632980283, -0.0191701724287578, -0.436903038268289,
  -0.0988112819325209, -0.0581393376689239, -0.443055799720146,
  // f 85//122 86//122 114//122
  -0.0492785632980283, -0.0191701724287578, -0.436903038268289,
  -0.0963620214036057, -0.0775741976185978, -0.445006436840745,
  -0.0988112819325209, -0.0581393376689239, -0.443055799720146,
  // f 117//123 115//123 116//123
  -0.192920653929607, -0.0911088202402899, 0.439735575128451,
  -0.189903214121972, -0.0906850601784326, 0.412087256313393,
  -0.193403913591448, -0.0746455881996715, 0.427037857678364,
  // f 118//124 116//124 115//124
  -0.192508905524084, -0.0579921250436116, 0.401714213375353,
  -0.193403913591448, -0.0746455881996715, 0.427037857678364,
  -0.189903214121972, -0.0906850601784326, 0.412087256313393,
  // f 119//124 118//124 115//124
  -0.0963620214036057, -0.0775741976185978, -0.445006436840745,
  -0.192508905524084, -0.0579921250436116, 0.401714213375353,
  -0.189903214121972, -0.0906850601784326, 0.412087256313393,
  // f 120//125 118//125 119//125
  -0.18236101130711, -0.0345582215569909, 0.285925757079904,
  -0.192508905524084, -0.0579921250436116, 0.401714213375353,
  -0.0963620214036057, -0.0775741976185978, -0.445006436840745,
  // f 121//126 120//126 119//126
  -0.170008838482282, -0.0229960246418077, 0.162562135749884,
  -0.18236101130711, -0.0345582215569909, 0.285925757079904,
  -0.0963620214036057, -0.0775741976185978, -0.445006436840745,
  // f 122//124 121//124 119//124
  -0.15643678418736, -0.0139883997541027, 0.0308437090869122,
  -0.170008838482282, -0.0229960246418077, 0.162562135749884,
  -0.0963620214036057, -0.0775741976185978, -0.445006436840745,
  // f 123//127 122//127 119//127
  -0.143836556692176, -0.00958431199191341, -0.0873423296811276,
  -0.15643678418736, -0.0139883997541027, 0.0308437090869122,
  -0.0963620214036057, -0.0775741976185978, -0.445006436840745,
  // f 124//128 123//128 119//128
  -0.124352812094628, -0.00646351607163058, -0.266273269920065,
  -0.143836556692176, -0.00958431199191341, -0.0873423296811276,
  -0.0963620214036057, -0.0775741976185978, -0.445006436840745,
  // f 125//129 124//129 119//129
  -0.113083364384999, -0.00664955707439717, -0.367700813374326,
  -0.124352812094628, -0.00646351607163058, -0.266273269920065,
  -0.0963620214036057, -0.0775741976185978, -0.445006436840745,
  // f 126//130 125//130 119//130
  -0.101974258320398, -0.0388036437192231, -0.434566631440751,
  -0.113083364384999, -0.00664955707439717, -0.367700813374326,
  -0.0963620214036057, -0.0775741976185978, -0.445006436840745,
  // f 127//131 126//131 119//131
  -0.0988112819325209, -0.0581393376689239, -0.443055799720146,
  -0.101974258320398, -0.0388036437192231, -0.434566631440751,
  -0.0963620214036057, -0.0775741976185978, -0.445006436840745,
  // f 130//132 128//132 129//132
  -0.101974258320398, -0.0388036437192231, -0.434566631440751,
  -0.0988112819325209, -0.0581393376689239, -0.443055799720146,
  -0.0963620214036057, -0.0775741976185978, -0.445006436840745,
  // f 131//133 130//133 129//133
  -0.113083364384999, -0.00664955707439717, -0.367700813374326,
  -0.101974258320398, -0.0388036437192231, -0.434566631440751,
  -0.0963620214036057, -0.0775741976185978, -0.445006436840745,
  // f 132//134 131//134 129//134
  -0.124352812094628, -0.00646351607163058, -0.266273269920065,
  -0.113083364384999, -0.00664955707439717, -0.367700813374326,
  -0.0963620214036057, -0.0775741976185978, -0.445006436840745,
  // f 133//135 132//135 129//135
  -0.143836556692176, -0.00958431199191341, -0.0873423296811276,
  -0.124352812094628, -0.00646351607163058, -0.266273269920065,
  -0.0963620214036057, -0.0775741976185978, -0.445006436840745,
  // f 134//136 133//136 129//136
  -0.15643678418736, -0.0139883997541027, 0.0308437090869122,
  -0.143836556692176, -0.00958431199191341, -0.0873423296811276,
  -0.0963620214036057, -0.0775741976185978, -0.445006436840745,
  // f 135//137 134//137 129//137
  -0.170008838482282, -0.0229960246418077, 0.162562135749884,
  -0.15643678418736, -0.0139883997541027, 0.0308437090869122,
  -0.0963620214036057, -0.0775741976185978, -0.445006436840745,
  // f 136//138 135//138 129//138
  -0.18236101130711, -0.0345582215569909, 0.285925757079904,
  -0.170008838482282, -0.0229960246418077, 0.162562135749884,
  -0.0963620214036057, -0.0775741976185978, -0.445006436840745,
  // f 137//139 136//139 129//139
  -0.192508905524084, -0.0579921250436116, 0.401714213375353,
  -0.18236101130711, -0.0345582215569909, 0.285925757079904,
  -0.0963620214036057, -0.0775741976185978, -0.445006436840745,
  // f 137//137 129//137 138//137
  -0.192508905524084, -0.0579921250436116, 0.401714213375353,
  -0.0963620214036057, -0.0775741976185978, -0.445006436840745,
  -0.189903214121972, -0.0906850601784326, 0.412087256313393,
  // f 139//137 137//137 138//137
  -0.193403913591448, -0.0746455881996715, 0.427037857678364,
  -0.192508905524084, -0.0579921250436116, 0.401714213375353,
  -0.189903214121972, -0.0906850601784326, 0.412087256313393,
  // f 138//140 140//140 139//140
  -0.189903214121972, -0.0906850601784326, 0.412087256313393,
  -0.192920653929607, -0.0911088202402899, 0.439735575128451,
  -0.193403913591448, -0.0746455881996715, 0.427037857678364,
  // f 141//141 88//141 90//141
  -0.192920653929607, -0.0911088202402899, 0.439735575128451,
  -0.147529722003853, -0.0864527670359152, 0.518787637557778,
  -0.189903214121972, -0.0906850601784326, 0.412087256313393,
  // f 87//142 90//142 88//142
  -0.0495609768923182, -0.0723846034002829, -0.379224740593745,
  -0.189903214121972, -0.0906850601784326, 0.412087256313393,
  -0.147529722003853, -0.0864527670359152, 0.518787637557778,
  // f 93//143 91//143 94//143
  -0.189903214121972, -0.0906850601784326, 0.412087256313393,
  -0.0495609768923182, -0.0723846034002829, -0.379224740593745,
  -0.147529722003853, -0.0864527670359152, 0.518787637557778,
  // f 94//144 142//144 93//144
  -0.147529722003853, -0.0864527670359152, 0.518787637557778,
  -0.192920653929607, -0.0911088202402899, 0.439735575128451,
  -0.189903214121972, -0.0906850601784326, 0.412087256313393,
  // f 143//145 101//145 95//145
  -0.147529722003853, -0.0864527670359152, 0.518787637557778,
  -0.0550229284345031, -0.0244296018583214, 0.540966183286992,
  -0.050711861173697, -0.075492549641696, 0.554993563159255,
  // f 102//146 144//146 96//146
  -0.0550229284345031, -0.0244296018583214, 0.540966183286992,
  -0.147529722003853, -0.0864527670359152, 0.518787637557778,
  -0.050711861173697, -0.075492549641696, 0.554993563159255,
  // f 101//147 35//147 95//147
  -0.0550229284345031, -0.0244296018583214, 0.540966183286992,
  0.0411898801253943, -0.0204224574368698, 0.524071090300011,
  -0.050711861173697, -0.075492549641696, 0.554993563159255,
  // f 36//148 102//148 96//148
  0.0411898801253943, -0.0204224574368698, 0.524071090300011,
  -0.0550229284345031, -0.0244296018583214, 0.540966183286992,
  -0.050711861173697, -0.075492549641696, 0.554993563159255,
  // f 73//149 97//149 145//149
  0.041260274018333, 0.06146184181986, -0.416258353118942,
  0.021225669274455, 0.163967920276647, -0.341797257477106,
  -0.0563000747778197, 0.0329986857599515, -0.427634788372203,
  // f 98//150 74//150 146//150
  0.021225669274455, 0.163967920276647, -0.341797257477106,
  0.041260274018333, 0.06146184181986, -0.416258353118942,
  -0.0563000747778197, 0.0329986857599515, -0.427634788372203,
  // f 97//151 29//151 99//151
  0.021225669274455, 0.163967920276647, -0.341797257477106,
  0.11756250516953, 0.143086912772435, -0.334023481101743,
  0.0083072725568217, 0.16762449193763, -0.229091886087866,
  // f 30//152 98//152 100//152
  0.11756250516953, 0.143086912772435, -0.334023481101743,
  0.021225669274455, 0.163967920276647, -0.341797257477106,
  0.0083072725568217, 0.16762449193763, -0.229091886087866,
  // f 49//153 73//153 77//153
  0.142718544965544, 0.00288797739626309, -0.415616707197989,
  0.041260274018333, 0.06146184181986, -0.416258353118942,
  0.0492885299034859, 0.000781747425001683, -0.425787786705097,
  // f 74//154 52//154 80//154
  0.041260274018333, 0.06146184181986, -0.416258353118942,
  0.142718544965544, 0.00288797739626309, -0.415616707197989,
  0.0492885299034859, 0.000781747425001683, -0.425787786705097,
  // f 99//155 47//155 111//155
  0.0083072725568217, 0.16762449193763, -0.229091886087866,
  0.105074852034879, 0.146042059571635, -0.224475219942635,
  -0.0132421975894635, 0.163291636090914, -0.0302816546148679,
  // f 48//156 100//156 112//156
  0.105074852034879, 0.146042059571635, -0.224475219942635,
  0.0083072725568217, 0.16762449193763, -0.229091886087866,
  -0.0132421975894635, 0.163291636090914, -0.0302816546148679,
  // f 101//157 103//157 37//157
  -0.0550229284345031, -0.0244296018583214, 0.540966183286992,
  -0.0578026491830472, 0.0268439689221792, 0.512909747497396,
  0.0391442671174968, 0.0237187035483765, 0.496786473265136,
  // f 104//158 102//158 38//158
  -0.0578026491830472, 0.0268439689221792, 0.512909747497396,
  -0.0550229284345031, -0.0244296018583214, 0.540966183286992,
  0.0391442671174968, 0.0237187035483765, 0.496786473265136,
  // f 105//159 39//159 103//159
  -0.0515577052523415, 0.0965635330610719, 0.384364074151876,
  0.0460886805240696, 0.0838948670588641, 0.371821111529915,
  -0.0578026491830472, 0.0268439689221792, 0.512909747497396,
  // f 40//160 106//160 104//160
  0.0460886805240696, 0.0838948670588641, 0.371821111529915,
  -0.0515577052523415, 0.0965635330610719, 0.384364074151876,
  -0.0578026491830472, 0.0268439689221792, 0.512909747497396,
  // f 107//161 41//161 105//161
  -0.0400843387258668, 0.128957573491749, 0.247341802864986,
  0.0576316029209481, 0.111986499794929, 0.238627206523681,
  -0.0515577052523415, 0.0965635330610719, 0.384364074151876,
  // f 42//162 108//162 106//162
  0.0576316029209481, 0.111986499794929, 0.238627206523681,
  -0.0400843387258668, 0.128957573491749, 0.247341802864986,
  -0.0515577052523415, 0.0965635330610719, 0.384364074151876,
  // f 109//163 43//163 107//163
  -0.0266332390168282, 0.153110220972541, 0.101023068256667,
  0.0709894027877584, 0.133004942994879, 0.0963991392494662,
  -0.0400843387258668, 0.128957573491749, 0.247341802864986,
  // f 44//164 110//164 108//164
  0.0709894027877584, 0.133004942994879, 0.0963991392494662,
  -0.0266332390168282, 0.153110220972541, 0.101023068256667,
  -0.0400843387258668, 0.128957573491749, 0.247341802864986,
  // f 111//165 45//165 109//165
  -0.0132421975894635, 0.163291636090914, -0.0302816546148679,
  0.084111438981393, 0.141981281707945, -0.0312314134878506,
  -0.0266332390168282, 0.153110220972541, 0.101023068256667,
  // f 46//166 112//166 110//166
  0.084111438981393, 0.141981281707945, -0.0312314134878506,
  -0.0132421975894635, 0.163291636090914, -0.0302816546148679,
  -0.0266332390168282, 0.153110220972541, 0.101023068256667,
  // f 77//167 145//167 82//167
  0.0492885299034859, 0.000781747425001683, -0.425787786705097,
  -0.0563000747778197, 0.0329986857599515, -0.427634788372203,
  -0.0492785632980283, -0.0191701724287578, -0.436903038268289,
  // f 146//168 80//168 85//168
  -0.0563000747778197, 0.0329986857599515, -0.427634788372203,
  0.0492885299034859, 0.000781747425001683, -0.425787786705097,
  -0.0492785632980283, -0.0191701724287578, -0.436903038268289,
  // f 82//169 145//169 113//169
  -0.0492785632980283, -0.0191701724287578, -0.436903038268289,
  -0.0563000747778197, 0.0329986857599515, -0.427634788372203,
  -0.0988112819325209, -0.0581393376689239, -0.443055799720146,
  // f 146//170 85//170 114//170
  -0.0563000747778197, 0.0329986857599515, -0.427634788372203,
  -0.0492785632980283, -0.0191701724287578, -0.436903038268289,
  -0.0988112819325209, -0.0581393376689239, -0.443055799720146,
  // f 125//171 126//171 145//171
  -0.113083364384999, -0.00664955707439717, -0.367700813374326,
  -0.101974258320398, -0.0388036437192231, -0.434566631440751,
  -0.0563000747778197, 0.0329986857599515, -0.427634788372203,
  // f 130//172 131//172 146//172
  -0.101974258320398, -0.0388036437192231, -0.434566631440751,
  -0.113083364384999, -0.00664955707439717, -0.367700813374326,
  -0.0563000747778197, 0.0329986857599515, -0.427634788372203,
  // f 124//173 125//173 147//173
  -0.124352812094628, -0.00646351607163058, -0.266273269920065,
  -0.113083364384999, -0.00664955707439717, -0.367700813374326,
  -0.0869736549441727, 0.12397580886211, -0.245290582348274,
  // f 131//174 132//174 148//174
  -0.113083364384999, -0.00664955707439717, -0.367700813374326,
  -0.124352812094628, -0.00646351607163058, -0.266273269920065,
  -0.0869736549441727, 0.12397580886211, -0.245290582348274,
