/*
created with obj2opengl.pl

source file    : .\forearm.obj
vertices       : 280
faces          : 440
normals        : 440
texture coords : 0


// include generated arrays
#import ".\forearm.h"

// set input data to arrays
glVertexPointer(3, GL_FLOAT, 0, forearmVerts);
glNormalPointer(GL_FLOAT, 0, forearmNormals);

// draw data
glDrawArrays(GL_TRIANGLES, 0, forearmNumVerts);
*/

unsigned int forearmNumVerts = 1320;

float forearmVerts [] = {
  // f 3//1 1//1 2//1
  -0.360553558499789, -0.314537494419241, 0.35414632835221,
  -0.313928662831032, -0.371382444665472, 0.341756062328056,
  -0.415571762136139, -0.260695581861133, 0.337210472386165,
  // f 2//2 1//2 4//2
  -0.415571762136139, -0.260695581861133, 0.337210472386165,
  -0.313928662831032, -0.371382444665472, 0.341756062328056,
  -0.284933847630312, -0.419975120293025, 0.302494080116495,
  // f 5//3 2//3 4//3
  -0.468088143585147, -0.220522354002913, 0.294303203636784,
  -0.415571762136139, -0.260695581861133, 0.337210472386165,
  -0.284933847630312, -0.419975120293025, 0.302494080116495,
  // f 6//4 5//4 4//4
  -0.279310446793474, -0.450689387336024, 0.244136364832431,
  -0.468088143585147, -0.220522354002913, 0.294303203636784,
  -0.284933847630312, -0.419975120293025, 0.302494080116495,
  // f 7//5 5//5 6//5
  -0.507699061754802, -0.201978292327571, 0.233922389278617,
  -0.468088143585147, -0.220522354002913, 0.294303203636784,
  -0.279310446793474, -0.450689387336024, 0.244136364832431,
  // f 8//6 7//6 6//6
  -0.298172441406243, -0.45744318262247, 0.178241268112125,
  -0.507699061754802, -0.201978292327571, 0.233922389278617,
  -0.279310446793474, -0.450689387336024, 0.244136364832431,
  // f 9//7 7//7 8//7
  -0.526561664269937, -0.208732087614017, 0.168027596509494,
  -0.507699061754802, -0.201978292327571, 0.233922389278617,
  -0.298172441406243, -0.45744318262247, 0.178241268112125,
  // f 10//8 9//8 8//8
  -0.337785183282996, -0.438899120947128, 0.11786166955869,
  -0.526561664269937, -0.208732087614017, 0.168027596509494,
  -0.298172441406243, -0.45744318262247, 0.178241268112125,
  // f 11//9 9//9 10//9
  -0.520937959481916, -0.239446354657016, 0.10966988122543,
  -0.526561664269937, -0.208732087614017, 0.168027596509494,
  -0.337785183282996, -0.438899120947128, 0.11786166955869,
  // f 12//10 11//10 10//10
  -0.390300348927272, -0.398725893088907, 0.074953792906943,
  -0.520937959481916, -0.239446354657016, 0.10966988122543,
  -0.337785183282996, -0.438899120947128, 0.11786166955869,
  // f 13//11 11//11 12//11
  -0.491942840330013, -0.288039030284569, 0.0704075950626863,
  -0.520937959481916, -0.239446354657016, 0.10966988122543,
  -0.390300348927272, -0.398725893088907, 0.074953792906943,
  // f 14//12 13//12 12//12
  -0.445319768368354, -0.34488702004263, 0.058018240892081,
  -0.491942840330013, -0.288039030284569, 0.0704075950626863,
  -0.390300348927272, -0.398725893088907, 0.074953792906943,
  // f 17//13 15//13 16//13
  -0.491942840330013, -0.288039030284569, 0.0704075950626863,
  -0.445319768368354, -0.34488702004263, 0.058018240892081,
  -0.390300348927272, -0.398725893088907, 0.074953792906943,
  // f 18//14 17//14 16//14
  -0.520937959481916, -0.239446354657016, 0.10966988122543,
  -0.491942840330013, -0.288039030284569, 0.0704075950626863,
  -0.390300348927272, -0.398725893088907, 0.074953792906943,
  // f 18//15 16//15 19//15
  -0.520937959481916, -0.239446354657016, 0.10966988122543,
  -0.390300348927272, -0.398725893088907, 0.074953792906943,
  -0.337785183282996, -0.438899120947128, 0.11786166955869,
  // f 20//16 18//16 19//16
  -0.526561664269937, -0.208732087614017, 0.168027596509494,
  -0.520937959481916, -0.239446354657016, 0.10966988122543,
  -0.337785183282996, -0.438899120947128, 0.11786166955869,
  // f 20//17 19//17 21//17
  -0.526561664269937, -0.208732087614017, 0.168027596509494,
  -0.337785183282996, -0.438899120947128, 0.11786166955869,
  -0.298172441406243, -0.45744318262247, 0.178241268112125,
  // f 22//18 20//18 21//18
  -0.507699061754802, -0.201978292327571, 0.233922389278617,
  -0.526561664269937, -0.208732087614017, 0.168027596509494,
  -0.298172441406243, -0.45744318262247, 0.178241268112125,
  // f 22//19 21//19 23//19
  -0.507699061754802, -0.201978292327571, 0.233922389278617,
  -0.298172441406243, -0.45744318262247, 0.178241268112125,
  -0.279310446793474, -0.450689387336024, 0.244136364832431,
  // f 24//20 22//20 23//20
  -0.468088143585147, -0.220522354002913, 0.294303203636784,
  -0.507699061754802, -0.201978292327571, 0.233922389278617,
  -0.279310446793474, -0.450689387336024, 0.244136364832431,
  // f 24//21 23//21 25//21
  -0.468088143585147, -0.220522354002913, 0.294303203636784,
  -0.279310446793474, -0.450689387336024, 0.244136364832431,
  -0.284933847630312, -0.419975120293025, 0.302494080116495,
  // f 26//22 24//22 25//22
  -0.415571762136139, -0.260695581861133, 0.337210472386165,
  -0.468088143585147, -0.220522354002913, 0.294303203636784,
  -0.284933847630312, -0.419975120293025, 0.302494080116495,
  // f 26//23 25//23 27//23
  -0.415571762136139, -0.260695581861133, 0.337210472386165,
  -0.284933847630312, -0.419975120293025, 0.302494080116495,
  -0.313928662831032, -0.371382444665472, 0.341756062328056,
  // f 27//24 28//24 26//24
  -0.313928662831032, -0.371382444665472, 0.341756062328056,
  -0.360553558499789, -0.314537494419241, 0.35414632835221,
  -0.415571762136139, -0.260695581861133, 0.337210472386165,
  // f 31//25 29//25 30//25
  -0.491942840330013, -0.288039030284569, 0.0704075950626863,
  -0.399490920847897, -0.122203264835186, 0.0368541200192061,
  -0.520937959481916, -0.239446354657016, 0.10966988122543,
  // f 34//26 32//26 33//26
  -0.399490920847897, -0.122203264835186, 0.0368541200192061,
  -0.491942840330013, -0.288039030284569, 0.0704075950626863,
  -0.520937959481916, -0.239446354657016, 0.10966988122543,
  // f 30//27 35//27 36//27
  -0.520937959481916, -0.239446354657016, 0.10966988122543,
  -0.401279065657535, -0.0850817068543705, 0.0983859975074265,
  -0.526561664269937, -0.208732087614017, 0.168027596509494,
  // f 38//28 33//28 37//28
  -0.401279065657535, -0.0850817068543705, 0.0983859975074265,
  -0.520937959481916, -0.239446354657016, 0.10966988122543,
  -0.526561664269937, -0.208732087614017, 0.168027596509494,
  // f 36//29 39//29 40//29
  -0.526561664269937, -0.208732087614017, 0.168027596509494,
  -0.376901876829079, -0.0743583091178341, 0.168287474770966,
  -0.507699061754802, -0.201978292327571, 0.233922389278617,
  // f 42//30 37//30 41//30
  -0.376901876829079, -0.0743583091178341, 0.168287474770966,
  -0.526561664269937, -0.208732087614017, 0.168027596509494,
  -0.507699061754802, -0.201978292327571, 0.233922389278617,
  // f 40//31 43//31 44//31
  -0.507699061754802, -0.201978292327571, 0.233922389278617,
  -0.331186403099883, -0.092151611371146, 0.232713879374975,
  -0.468088143585147, -0.220522354002913, 0.294303203636784,
  // f 46//32 41//32 45//32
  -0.331186403099883, -0.092151611371146, 0.232713879374975,
  -0.507699061754802, -0.201978292327571, 0.233922389278617,
  -0.468088143585147, -0.220522354002913, 0.294303203636784,
  // f 48//33 44//33 47//33
  -0.415571762136139, -0.260695581861133, 0.337210472386165,
  -0.468088143585147, -0.220522354002913, 0.294303203636784,
  -0.273186742309404, -0.134944898426898, 0.278903516949664,
  // f 43//34 47//34 44//34
  -0.331186403099883, -0.092151611371146, 0.232713879374975,
  -0.273186742309404, -0.134944898426898, 0.278903516949664,
  -0.468088143585147, -0.220522354002913, 0.294303203636784,
  // f 49//35 46//35 45//35
  -0.273186742309404, -0.134944898426898, 0.278903516949664,
  -0.331186403099883, -0.092151611371146, 0.232713879374975,
  -0.468088143585147, -0.220522354002913, 0.294303203636784,
  // f 45//36 50//36 49//36
  -0.468088143585147, -0.220522354002913, 0.294303203636784,
  -0.415571762136139, -0.260695581861133, 0.337210472386165,
  -0.273186742309404, -0.134944898426898, 0.278903516949664,
  // f 52//37 48//37 51//37
  -0.360553558499789, -0.314537494419241, 0.35414632835221,
  -0.415571762136139, -0.260695581861133, 0.337210472386165,
  -0.214393161028906, -0.194260971790987, 0.29770958454476,
  // f 47//38 51//38 48//38
  -0.273186742309404, -0.134944898426898, 0.278903516949664,
  -0.214393161028906, -0.194260971790987, 0.29770958454476,
  -0.415571762136139, -0.260695581861133, 0.337210472386165,
  // f 53//39 49//39 50//39
  -0.214393161028906, -0.194260971790987, 0.29770958454476,
  -0.273186742309404, -0.134944898426898, 0.278903516949664,
  -0.415571762136139, -0.260695581861133, 0.337210472386165,
  // f 50//40 54//40 53//40
  -0.415571762136139, -0.260695581861133, 0.337210472386165,
  -0.360553558499789, -0.314537494419241, 0.35414632835221,
  -0.214393161028906, -0.194260971790987, 0.29770958454476,
  // f 52//41 51//41 55//41
  -0.360553558499789, -0.314537494419241, 0.35414632835221,
  -0.214393161028906, -0.194260971790987, 0.29770958454476,
  -0.313928662831032, -0.371382444665472, 0.341756062328056,
  // f 53//42 54//42 56//42
  -0.214393161028906, -0.194260971790987, 0.29770958454476,
  -0.360553558499789, -0.314537494419241, 0.35414632835221,
  -0.313928662831032, -0.371382444665472, 0.341756062328056,
  // f 55//43 57//43 58//43
  -0.313928662831032, -0.371382444665472, 0.341756062328056,
  -0.166447597469978, -0.258346039216478, 0.285405944607763,
  -0.284933847630312, -0.419975120293025, 0.302494080116495,
  // f 60//44 56//44 59//44
  -0.166447597469978, -0.258346039216478, 0.285405944607763,
  -0.313928662831032, -0.371382444665472, 0.341756062328056,
  -0.284933847630312, -0.419975120293025, 0.302494080116495,
  // f 58//45 61//45 62//45
  -0.284933847630312, -0.419975120293025, 0.302494080116495,
  -0.138847006345717, -0.314513178324601, 0.244429981675217,
  -0.279310446793474, -0.450689387336024, 0.244136364832431,
  // f 64//46 59//46 63//46
  -0.138847006345717, -0.314513178324601, 0.244429981675217,
  -0.284933847630312, -0.419975120293025, 0.302494080116495,
  -0.279310446793474, -0.450689387336024, 0.244136364832431,
  // f 62//47 65//47 66//47
  -0.279310446793474, -0.450689387336024, 0.244136364832431,
  -0.137058861536079, -0.351637775817246, 0.182898104186997,
  -0.298172441406243, -0.45744318262247, 0.178241268112125,
  // f 68//48 63//48 67//48
  -0.137058861536079, -0.351637775817246, 0.182898104186997,
  -0.279310446793474, -0.450689387336024, 0.244136364832431,
  -0.298172441406243, -0.45744318262247, 0.178241268112125,
  // f 66//49 69//49 70//49
  -0.298172441406243, -0.45744318262247, 0.178241268112125,
  -0.161436658266902, -0.362361173553783, 0.112996322972274,
  -0.337785183282996, -0.438899120947128, 0.11786166955869,
  // f 72//50 67//50 71//50
  -0.161436658266902, -0.362361173553783, 0.112996322972274,
  -0.298172441406243, -0.45744318262247, 0.178241268112125,
  -0.337785183282996, -0.438899120947128, 0.11786166955869,
  // f 70//51 73//51 74//51
  -0.337785183282996, -0.438899120947128, 0.11786166955869,
  -0.265150880933028, -0.301771544732888, 0.0023805847447595,
  -0.390300348927272, -0.398725893088907, 0.074953792906943,
  // f 76//52 71//52 75//52
  -0.265150880933028, -0.301771544732888, 0.0023805847447595,
  -0.337785183282996, -0.438899120947128, 0.11786166955869,
  -0.390300348927272, -0.398725893088907, 0.074953792906943,
  // f 74//53 77//53 78//53
  -0.390300348927272, -0.398725893088907, 0.074953792906943,
  -0.32394598196944, -0.24245851088063, -0.0164248749479702,
  -0.445319768368354, -0.34488702004263, 0.058018240892081,
  // f 80//54 75//54 79//54
  -0.32394598196944, -0.24245851088063, -0.0164248749479702,
  -0.390300348927272, -0.398725893088907, 0.074953792906943,
  -0.445319768368354, -0.34488702004263, 0.058018240892081,
  // f 78//55 81//55 31//55
  -0.445319768368354, -0.34488702004263, 0.058018240892081,
  -0.371890937626002, -0.178373443455138, -0.00412214686452221,
  -0.491942840330013, -0.288039030284569, 0.0704075950626863,
  // f 82//56 79//56 32//56
  -0.371890937626002, -0.178373443455138, -0.00412214686452221,
  -0.445319768368354, -0.34488702004263, 0.058018240892081,
  -0.491942840330013, -0.288039030284569, 0.0704075950626863,
  // f 81//57 29//57 31//57
  -0.371890937626002, -0.178373443455138, -0.00412214686452221,
  -0.399490920847897, -0.122203264835186, 0.0368541200192061,
  -0.491942840330013, -0.288039030284569, 0.0704075950626863,
  // f 34//58 82//58 32//58
  -0.399490920847897, -0.122203264835186, 0.0368541200192061,
  -0.371890937626002, -0.178373443455138, -0.00412214686452221,
  -0.491942840330013, -0.288039030284569, 0.0704075950626863,
  // f 30//59 29//59 35//59
  -0.520937959481916, -0.239446354657016, 0.10966988122543,
  -0.399490920847897, -0.122203264835186, 0.0368541200192061,
  -0.401279065657535, -0.0850817068543705, 0.0983859975074265,
  // f 34//60 33//60 38//60
  -0.399490920847897, -0.122203264835186, 0.0368541200192061,
  -0.520937959481916, -0.239446354657016, 0.10966988122543,
  -0.401279065657535, -0.0850817068543705, 0.0983859975074265,
  // f 35//61 39//61 36//61
  -0.401279065657535, -0.0850817068543705, 0.0983859975074265,
  -0.376901876829079, -0.0743583091178341, 0.168287474770966,
  -0.526561664269937, -0.208732087614017, 0.168027596509494,
  // f 42//62 38//62 37//62
  -0.376901876829079, -0.0743583091178341, 0.168287474770966,
  -0.401279065657535, -0.0850817068543705, 0.0983859975074265,
  -0.526561664269937, -0.208732087614017, 0.168027596509494,
  // f 39//63 43//63 40//63
  -0.376901876829079, -0.0743583091178341, 0.168287474770966,
  -0.331186403099883, -0.092151611371146, 0.232713879374975,
  -0.507699061754802, -0.201978292327571, 0.233922389278617,
  // f 46//64 42//64 41//64
  -0.331186403099883, -0.092151611371146, 0.232713879374975,
  -0.376901876829079, -0.0743583091178341, 0.168287474770966,
  -0.507699061754802, -0.201978292327571, 0.233922389278617,
  // f 47//65 43//65 83//65
  -0.273186742309404, -0.134944898426898, 0.278903516949664,
  -0.331186403099883, -0.092151611371146, 0.232713879374975,
  -0.147526028425339, -0.0218264261584927, 0.23080780150633,
  // f 84//66 83//66 43//66
  -0.214076443896211, 0.0263042436708875, 0.178619079432605,
  -0.147526028425339, -0.0218264261584927, 0.23080780150633,
  -0.331186403099883, -0.092151611371146, 0.232713879374975,
  // f 86//67 85//67 46//67
  -0.147526028425339, -0.0218264261584927, 0.23080780150633,
  -0.214076443896211, 0.0263042436708875, 0.178619079432605,
  -0.331186403099883, -0.092151611371146, 0.232713879374975,
  // f 46//68 49//68 86//68
  -0.331186403099883, -0.092151611371146, 0.232713879374975,
  -0.273186742309404, -0.134944898426898, 0.278903516949664,
  -0.147526028425339, -0.0218264261584927, 0.23080780150633,
  // f 51//69 47//69 87//69
  -0.214393161028906, -0.194260971790987, 0.29770958454476,
  -0.273186742309404, -0.134944898426898, 0.278903516949664,
  -0.0813184698889005, -0.0897595155608698, 0.252499277681724,
  // f 83//70 87//70 47//70
  -0.147526028425339, -0.0218264261584927, 0.23080780150633,
  -0.0813184698889005, -0.0897595155608698, 0.252499277681724,
  -0.273186742309404, -0.134944898426898, 0.278903516949664,
  // f 88//71 86//71 49//71
  -0.0813184698889005, -0.0897595155608698, 0.252499277681724,
  -0.147526028425339, -0.0218264261584927, 0.23080780150633,
  -0.273186742309404, -0.134944898426898, 0.278903516949664,
  // f 49//72 53//72 88//72
  -0.273186742309404, -0.134944898426898, 0.278903516949664,
  -0.214393161028906, -0.194260971790987, 0.29770958454476,
  -0.0813184698889005, -0.0897595155608698, 0.252499277681724,
  // f 55//73 51//73 57//73
  -0.313928662831032, -0.371382444665472, 0.341756062328056,
  -0.214393161028906, -0.194260971790987, 0.29770958454476,
  -0.166447597469978, -0.258346039216478, 0.285405944607763,
  // f 53//74 56//74 60//74
  -0.214393161028906, -0.194260971790987, 0.29770958454476,
  -0.313928662831032, -0.371382444665472, 0.341756062328056,
  -0.166447597469978, -0.258346039216478, 0.285405944607763,
  // f 58//75 57//75 61//75
  -0.284933847630312, -0.419975120293025, 0.302494080116495,
  -0.166447597469978, -0.258346039216478, 0.285405944607763,
  -0.138847006345717, -0.314513178324601, 0.244429981675217,
  // f 60//76 59//76 64//76
  -0.166447597469978, -0.258346039216478, 0.285405944607763,
  -0.284933847630312, -0.419975120293025, 0.302494080116495,
  -0.138847006345717, -0.314513178324601, 0.244429981675217,
  // f 61//77 65//77 62//77
  -0.138847006345717, -0.314513178324601, 0.244429981675217,
  -0.137058861536079, -0.351637775817246, 0.182898104186997,
  -0.279310446793474, -0.450689387336024, 0.244136364832431,
  // f 68//78 64//78 63//78
  -0.137058861536079, -0.351637775817246, 0.182898104186997,
  -0.138847006345717, -0.314513178324601, 0.244429981675217,
  -0.279310446793474, -0.450689387336024, 0.244136364832431,
  // f 66//79 65//79 69//79
  -0.298172441406243, -0.45744318262247, 0.178241268112125,
  -0.137058861536079, -0.351637775817246, 0.182898104186997,
  -0.161436658266902, -0.362361173553783, 0.112996322972274,
  // f 68//80 67//80 72//80
  -0.137058861536079, -0.351637775817246, 0.182898104186997,
  -0.298172441406243, -0.45744318262247, 0.178241268112125,
  -0.161436658266902, -0.362361173553783, 0.112996322972274,
  // f 70//81 69//81 89//81
  -0.337785183282996, -0.438899120947128, 0.11786166955869,
  -0.161436658266902, -0.362361173553783, 0.112996322972274,
  -0.207152739898463, -0.344564831788641, 0.0485708302218139,
  // f 72//82 71//82 90//82
  -0.161436658266902, -0.362361173553783, 0.112996322972274,
  -0.337785183282996, -0.438899120947128, 0.11786166955869,
  -0.207152739898463, -0.344564831788641, 0.0485708302218139,
  // f 89//83 73//83 70//83
  -0.207152739898463, -0.344564831788641, 0.0485708302218139,
  -0.265150880933028, -0.301771544732888, 0.0023805847447595,
  -0.337785183282996, -0.438899120947128, 0.11786166955869,
  // f 76//84 90//84 71//84
  -0.265150880933028, -0.301771544732888, 0.0023805847447595,
  -0.207152739898463, -0.344564831788641, 0.0485708302218139,
  -0.337785183282996, -0.438899120947128, 0.11786166955869,
  // f 73//85 77//85 74//85
  -0.265150880933028, -0.301771544732888, 0.0023805847447595,
  -0.32394598196944, -0.24245851088063, -0.0164248749479702,
  -0.390300348927272, -0.398725893088907, 0.074953792906943,
  // f 80//86 76//86 75//86
  -0.32394598196944, -0.24245851088063, -0.0164248749479702,
  -0.265150880933028, -0.301771544732888, 0.0023805847447595,
  -0.390300348927272, -0.398725893088907, 0.074953792906943,
  // f 77//87 81//87 78//87
  -0.32394598196944, -0.24245851088063, -0.0164248749479702,
  -0.371890937626002, -0.178373443455138, -0.00412214686452221,
  -0.445319768368354, -0.34488702004263, 0.058018240892081,
  // f 82//88 80//88 79//88
  -0.371890937626002, -0.178373443455138, -0.00412214686452221,
  -0.32394598196944, -0.24245851088063, -0.0164248749479702,
  -0.445319768368354, -0.34488702004263, 0.058018240892081,
  // f 81//89 91//89 29//89
  -0.371890937626002, -0.178373443455138, -0.00412214686452221,
  -0.298794325526678, -0.0136714159183767, -0.0404354986497187,
  -0.399490920847897, -0.122203264835186, 0.0368541200192061,
  // f 92//90 82//90 34//90
  -0.298794325526678, -0.0136714159183767, -0.0404354986497187,
  -0.371890937626002, -0.178373443455138, -0.00412214686452221,
  -0.399490920847897, -0.122203264835186, 0.0368541200192061,
  // f 29//91 93//91 35//91
  -0.399490920847897, -0.122203264835186, 0.0368541200192061,
  -0.298023809277752, 0.0308300767858829, 0.0280902955595249,
  -0.401279065657535, -0.0850817068543705, 0.0983859975074265,
  // f 94//92 34//92 38//92
  -0.298023809277752, 0.0308300767858829, 0.0280902955595249,
  -0.399490920847897, -0.122203264835186, 0.0368541200192061,
  -0.401279065657535, -0.0850817068543705, 0.0983859975074265,
  // f 35//93 95//93 39//93
  -0.401279065657535, -0.0850817068543705, 0.0983859975074265,
  -0.267788265347991, 0.045097545316297, 0.106270491194664,
  -0.376901876829079, -0.0743583091178341, 0.168287474770966,
  // f 96//94 38//94 42//94
  -0.267788265347991, 0.045097545316297, 0.106270491194664,
  -0.401279065657535, -0.0850817068543705, 0.0983859975074265,
  -0.376901876829079, -0.0743583091178341, 0.168287474770966,
  // f 39//95 84//95 43//95
  -0.376901876829079, -0.0743583091178341, 0.168287474770966,
  -0.214076443896211, 0.0263042436708875, 0.178619079432605,
  -0.331186403099883, -0.092151611371146, 0.232713879374975,
  // f 85//96 42//96 46//96
  -0.214076443896211, 0.0263042436708875, 0.178619079432605,
  -0.376901876829079, -0.0743583091178341, 0.168287474770966,
  -0.331186403099883, -0.092151611371146, 0.232713879374975,
  // f 83//97 84//97 97//97
  -0.147526028425339, -0.0218264261584927, 0.23080780150633,
  -0.214076443896211, 0.0263042436708875, 0.178619079432605,
  -0.0389124166403008, 0.0732343063273841, 0.184973786815761,
  // f 98//98 97//98 84//98
  -0.109327267451941, 0.124228196300703, 0.129696616771488,
  -0.0389124166403008, 0.0732343063273841, 0.184973786815761,
  -0.214076443896211, 0.0263042436708875, 0.178619079432605,
  // f 100//99 99//99 85//99
  -0.0389124166403008, 0.0732343063273841, 0.184973786815761,
  -0.109327267451941, 0.124228196300703, 0.129696616771488,
  -0.214076443896211, 0.0263042436708875, 0.178619079432605,
  // f 85//100 86//100 100//100
  -0.214076443896211, 0.0263042436708875, 0.178619079432605,
  -0.147526028425339, -0.0218264261584927, 0.23080780150633,
  -0.0389124166403008, 0.0732343063273841, 0.184973786815761,
  // f 87//101 83//101 101//101
  -0.0813184698889005, -0.0897595155608698, 0.252499277681724,
  -0.147526028425339, -0.0218264261584927, 0.23080780150633,
  0.0312279662530836, 0.0013468120340678, 0.207916022109235,
  // f 97//102 101//102 83//102
  -0.0389124166403008, 0.0732343063273841, 0.184973786815761,
  0.0312279662530836, 0.0013468120340678, 0.207916022109235,
  -0.147526028425339, -0.0218264261584927, 0.23080780150633,
  // f 102//103 100//103 86//103
  0.0312279662530836, 0.0013468120340678, 0.207916022109235,
  -0.0389124166403008, 0.0732343063273841, 0.184973786815761,
  -0.147526028425339, -0.0218264261584927, 0.23080780150633,
  // f 86//104 88//104 102//104
  -0.147526028425339, -0.0218264261584927, 0.23080780150633,
  -0.0813184698889005, -0.0897595155608698, 0.252499277681724,
  0.0312279662530836, 0.0013468120340678, 0.207916022109235,
  // f 51//105 87//105 57//105
  -0.214393161028906, -0.194260971790987, 0.29770958454476,
  -0.0813184698889005, -0.0897595155608698, 0.252499277681724,
  -0.166447597469978, -0.258346039216478, 0.285405944607763,
  // f 88//106 53//106 60//106
  -0.0813184698889005, -0.0897595155608698, 0.252499277681724,
  -0.214393161028906, -0.194260971790987, 0.29770958454476,
  -0.166447597469978, -0.258346039216478, 0.285405944607763,
  // f 57//107 103//107 61//107
  -0.166447597469978, -0.258346039216478, 0.285405944607763,
  -0.0285668302242437, -0.164045184688122, 0.23939776588933,
  -0.138847006345717, -0.314513178324601, 0.244429981675217,
  // f 104//108 60//108 64//108
  -0.0285668302242437, -0.164045184688122, 0.23939776588933,
  -0.166447597469978, -0.258346039216478, 0.285405944607763,
  -0.138847006345717, -0.314513178324601, 0.244429981675217,
  // f 61//109 105//109 65//109
  -0.138847006345717, -0.314513178324601, 0.244429981675217,
  0.000280872603900302, -0.229966117258984, 0.194097489476124,
  -0.137058861536079, -0.351637775817246, 0.182898104186997,
  // f 106//110 64//110 68//110
  0.000280872603900302, -0.229966117258984, 0.194097489476124,
  -0.138847006345717, -0.314513178324601, 0.244429981675217,
  -0.137058861536079, -0.351637775817246, 0.182898104186997,
  // f 65//111 107//111 69//111
  -0.137058861536079, -0.351637775817246, 0.182898104186997,
  -0.000489947596209028, -0.274464570451414, 0.125571695266881,
  -0.161436658266902, -0.362361173553783, 0.112996322972274,
  // f 108//112 68//112 72//112
  -0.000489947596209028, -0.274464570451414, 0.125571695266881,
  -0.137058861536079, -0.351637775817246, 0.182898104186997,
  -0.161436658266902, -0.362361173553783, 0.112996322972274,
  // f 69//113 109//113 89//113
  -0.161436658266902, -0.362361173553783, 0.112996322972274,
  -0.0307254915259695, -0.288732038981828, 0.0473921075341073,
  -0.207152739898463, -0.344564831788641, 0.0485708302218139,
  // f 110//114 72//114 90//114
  -0.0307254915259695, -0.288732038981828, 0.0473921075341073,
  -0.161436658266902, -0.362361173553783, 0.112996322972274,
  -0.207152739898463, -0.344564831788641, 0.0485708302218139,
  // f 89//115 111//115 73//115
  -0.207152739898463, -0.344564831788641, 0.0485708302218139,
  -0.150988032399805, -0.221811107018869, -0.0771452027775581,
  -0.265150880933028, -0.301771544732888, 0.0023805847447595,
  // f 112//116 90//116 76//116
  -0.150988032399805, -0.221811107018869, -0.0771452027775581,
  -0.207152739898463, -0.344564831788641, 0.0485708302218139,
  -0.265150880933028, -0.301771544732888, 0.0023805847447595,
  // f 73//117 113//117 77//117
  -0.265150880933028, -0.301771544732888, 0.0023805847447595,
  -0.217194983033877, -0.153878017616492, -0.0988366789529525,
  -0.32394598196944, -0.24245851088063, -0.0164248749479702,
  // f 114//118 76//118 80//118
  -0.217194983033877, -0.153878017616492, -0.0988366789529525,
  -0.265150880933028, -0.301771544732888, 0.0023805847447595,
  -0.32394598196944, -0.24245851088063, -0.0164248749479702,
  // f 77//119 115//119 81//119
  -0.32394598196944, -0.24245851088063, -0.0164248749479702,
  -0.269946926649717, -0.0795923484892388, -0.0857351671605585,
  -0.371890937626002, -0.178373443455138, -0.00412214686452221,
  // f 116//120 80//120 82//120
  -0.269946926649717, -0.0795923484892388, -0.0857351671605585,
  -0.32394598196944, -0.24245851088063, -0.0164248749479702,
  -0.371890937626002, -0.178373443455138, -0.00412214686452221,
  // f 81//121 115//121 91//121
  -0.371890937626002, -0.178373443455138, -0.00412214686452221,
  -0.269946926649717, -0.0795923484892388, -0.0857351671605585,
  -0.298794325526678, -0.0136714159183767, -0.0404354986497187,
  // f 116//122 82//122 92//122
  -0.269946926649717, -0.0795923484892388, -0.0857351671605585,
  -0.371890937626002, -0.178373443455138, -0.00412214686452221,
  -0.298794325526678, -0.0136714159183767, -0.0404354986497187,
  // f 29//123 91//123 93//123
  -0.399490920847897, -0.122203264835186, 0.0368541200192061,
  -0.298794325526678, -0.0136714159183767, -0.0404354986497187,
  -0.298023809277752, 0.0308300767858829, 0.0280902955595249,
  // f 92//124 34//124 94//124
  -0.298794325526678, -0.0136714159183767, -0.0404354986497187,
  -0.399490920847897, -0.122203264835186, 0.0368541200192061,
  -0.298023809277752, 0.0308300767858829, 0.0280902955595249,
  // f 93//125 95//125 35//125
  -0.298023809277752, 0.0308300767858829, 0.0280902955595249,
  -0.267788265347991, 0.045097545316297, 0.106270491194664,
  -0.401279065657535, -0.0850817068543705, 0.0983859975074265,
  // f 96//126 94//126 38//126
  -0.267788265347991, 0.045097545316297, 0.106270491194664,
  -0.298023809277752, 0.0308300767858829, 0.0280902955595249,
  -0.401279065657535, -0.0850817068543705, 0.0983859975074265,
  // f 95//127 84//127 39//127
  -0.267788265347991, 0.045097545316297, 0.106270491194664,
  -0.214076443896211, 0.0263042436708875, 0.178619079432605,
  -0.376901876829079, -0.0743583091178341, 0.168287474770966,
  // f 85//128 96//128 42//128
  -0.214076443896211, 0.0263042436708875, 0.178619079432605,
  -0.267788265347991, 0.045097545316297, 0.106270491194664,
  -0.376901876829079, -0.0743583091178341, 0.168287474770966,
  // f 95//129 117//129 84//129
  -0.267788265347991, 0.045097545316297, 0.106270491194664,
  -0.166068874295949, 0.144222409070179, 0.0530322256860112,
  -0.214076443896211, 0.0263042436708875, 0.178619079432605,
  // f 98//130 84//130 117//130
  -0.109327267451941, 0.124228196300703, 0.129696616771488,
  -0.214076443896211, 0.0263042436708875, 0.178619079432605,
  -0.166068874295949, 0.144222409070179, 0.0530322256860112,
  // f 85//131 99//131 118//131
  -0.214076443896211, 0.0263042436708875, 0.178619079432605,
  -0.109327267451941, 0.124228196300703, 0.129696616771488,
  -0.166068874295949, 0.144222409070179, 0.0530322256860112,
  // f 118//132 96//132 85//132
  -0.166068874295949, 0.144222409070179, 0.0530322256860112,
  -0.267788265347991, 0.045097545316297, 0.106270491194664,
  -0.214076443896211, 0.0263042436708875, 0.178619079432605,
  // f 97//133 98//133 119//133
  -0.0389124166403008, 0.0732343063273841, 0.184973786815761,
  -0.109327267451941, 0.124228196300703, 0.129696616771488,
  0.0762890330852618, 0.168054917378685, 0.126924581982451,
  // f 120//134 119//134 98//134
  0.00291491355585104, 0.21987281900914, 0.070505467343615,
  0.0762890330852618, 0.168054917378685, 0.126924581982451,
  -0.109327267451941, 0.124228196300703, 0.129696616771488,
  // f 122//135 121//135 99//135
  0.0762890330852618, 0.168054917378685, 0.126924581982451,
  0.00291491355585104, 0.21987281900914, 0.070505467343615,
  -0.109327267451941, 0.124228196300703, 0.129696616771488,
  // f 99//136 100//136 122//136
  -0.109327267451941, 0.124228196300703, 0.129696616771488,
  -0.0389124166403008, 0.0732343063273841, 0.184973786815761,
  0.0762890330852618, 0.168054917378685, 0.126924581982451,
  // f 101//137 97//137 123//137
  0.0312279662530836, 0.0013468120340678, 0.207916022109235,
  -0.0389124166403008, 0.0732343063273841, 0.184973786815761,
  0.147631542907444, 0.0933528351307107, 0.151040372793521,
  // f 119//138 123//138 97//138
  0.0762890330852618, 0.168054917378685, 0.126924581982451,
  0.147631542907444, 0.0933528351307107, 0.151040372793521,
  -0.0389124166403008, 0.0732343063273841, 0.184973786815761,
  // f 124//139 122//139 100//139
  0.147631542907444, 0.0933528351307107, 0.151040372793521,
  0.0762890330852618, 0.168054917378685, 0.126924581982451,
  -0.0389124166403008, 0.0732343063273841, 0.184973786815761,
  // f 100//140 102//140 124//140
  -0.0389124166403008, 0.0732343063273841, 0.184973786815761,
  0.0312279662530836, 0.0013468120340678, 0.207916022109235,
  0.147631542907444, 0.0933528351307107, 0.151040372793521,
  // f 103//141 87//141 125//141
  -0.0285668302242437, -0.164045184688122, 0.23939776588933,
  -0.0813184698889005, -0.0897595155608698, 0.252499277681724,
  0.0872027042623614, -0.0772002526789625, 0.193978340612385,
  // f 101//142 125//142 87//142
  0.0312279662530836, 0.0013468120340678, 0.207916022109235,
  0.0872027042623614, -0.0772002526789625, 0.193978340612385,
  -0.0813184698889005, -0.0897595155608698, 0.252499277681724,
  // f 126//143 102//143 88//143
  0.0872027042623614, -0.0772002526789625, 0.193978340612385,
  0.0312279662530836, 0.0013468120340678, 0.207916022109235,
  -0.0813184698889005, -0.0897595155608698, 0.252499277681724,
  // f 88//144 104//144 126//144
  -0.0813184698889005, -0.0897595155608698, 0.252499277681724,
  -0.0285668302242437, -0.164045184688122, 0.23939776588933,
  0.0872027042623614, -0.0772002526789625, 0.193978340612385,
  // f 57//145 87//145 103//145
  -0.166447597469978, -0.258346039216478, 0.285405944607763,
  -0.0813184698889005, -0.0897595155608698, 0.252499277681724,
  -0.0285668302242437, -0.164045184688122, 0.23939776588933,
  // f 88//146 60//146 104//146
  -0.0813184698889005, -0.0897595155608698, 0.252499277681724,
  -0.166447597469978, -0.258346039216478, 0.285405944607763,
  -0.0285668302242437, -0.164045184688122, 0.23939776588933,
  // f 61//147 103//147 105//147
  -0.138847006345717, -0.314513178324601, 0.244429981675217,
  -0.0285668302242437, -0.164045184688122, 0.23939776588933,
  0.000280872603900302, -0.229966117258984, 0.194097489476124,
  // f 104//148 64//148 106//148
  -0.0285668302242437, -0.164045184688122, 0.23939776588933,
  -0.138847006345717, -0.314513178324601, 0.244429981675217,
  0.000280872603900302, -0.229966117258984, 0.194097489476124,
  // f 65//149 105//149 107//149
  -0.137058861536079, -0.351637775817246, 0.182898104186997,
  0.000280872603900302, -0.229966117258984, 0.194097489476124,
  -0.000489947596209028, -0.274464570451414, 0.125571695266881,
  // f 106//150 68//150 108//150
  0.000280872603900302, -0.229966117258984, 0.194097489476124,
  -0.137058861536079, -0.351637775817246, 0.182898104186997,
  -0.000489947596209028, -0.274464570451414, 0.125571695266881,
  // f 69//151 107//151 109//151
  -0.161436658266902, -0.362361173553783, 0.112996322972274,
  -0.000489947596209028, -0.274464570451414, 0.125571695266881,
  -0.0307254915259695, -0.288732038981828, 0.0473921075341073,
  // f 108//152 72//152 110//152
  -0.000489947596209028, -0.274464570451414, 0.125571695266881,
  -0.161436658266902, -0.362361173553783, 0.112996322972274,
  -0.0307254915259695, -0.288732038981828, 0.0473921075341073,
  // f 89//153 109//153 127//153
  -0.207152739898463, -0.344564831788641, 0.0485708302218139,
  -0.0307254915259695, -0.288732038981828, 0.0473921075341073,
  -0.0844373129777496, -0.269941776848249, -0.0249564807038329,
  // f 110//154 90//154 128//154
  -0.0307254915259695, -0.288732038981828, 0.0473921075341073,
  -0.207152739898463, -0.344564831788641, 0.0485708302218139,
  -0.0844373129777496, -0.269941776848249, -0.0249564807038329,
  // f 89//155 127//155 111//155
  -0.207152739898463, -0.344564831788641, 0.0485708302218139,
  -0.0844373129777496, -0.269941776848249, -0.0249564807038329,
  -0.150988032399805, -0.221811107018869, -0.0771452027775581,
  // f 128//156 90//156 112//156
  -0.0844373129777496, -0.269941776848249, -0.0249564807038329,
  -0.207152739898463, -0.344564831788641, 0.0485708302218139,
  -0.150988032399805, -0.221811107018869, -0.0771452027775581,
  // f 111//157 113//157 73//157
  -0.150988032399805, -0.221811107018869, -0.0771452027775581,
  -0.217194983033877, -0.153878017616492, -0.0988366789529525,
  -0.265150880933028, -0.301771544732888, 0.0023805847447595,
  // f 114//158 112//158 76//158
  -0.217194983033877, -0.153878017616492, -0.0988366789529525,
  -0.150988032399805, -0.221811107018869, -0.0771452027775581,
  -0.265150880933028, -0.301771544732888, 0.0023805847447595,
  // f 113//159 115//159 77//159
  -0.217194983033877, -0.153878017616492, -0.0988366789529525,
  -0.269946926649717, -0.0795923484892388, -0.0857351671605585,
  -0.32394598196944, -0.24245851088063, -0.0164248749479702,
  // f 116//160 114//160 80//160
  -0.269946926649717, -0.0795923484892388, -0.0857351671605585,
  -0.217194983033877, -0.153878017616492, -0.0988366789529525,
  -0.32394598196944, -0.24245851088063, -0.0164248749479702,
  // f 115//161 129//161 91//161
  -0.269946926649717, -0.0795923484892388, -0.0857351671605585,
  -0.167794101210705, 0.0126629145774708, -0.150548197669355,
  -0.298794325526678, -0.0136714159183767, -0.0404354986497187,
  // f 130//162 91//162 129//162
  -0.198515359130913, 0.0823099847008324, -0.102492299830995,
  -0.298794325526678, -0.0136714159183767, -0.0404354986497187,
  -0.167794101210705, 0.0126629145774708, -0.150548197669355,
  // f 92//163 131//163 132//163
  -0.298794325526678, -0.0136714159183767, -0.0404354986497187,
  -0.198515359130913, 0.0823099847008324, -0.102492299830995,
  -0.167794101210705, 0.0126629145774708, -0.150548197669355,
  // f 132//164 116//164 92//164
  -0.167794101210705, 0.0126629145774708, -0.150548197669355,
  -0.269946926649717, -0.0795923484892388, -0.0857351671605585,
  -0.298794325526678, -0.0136714159183767, -0.0404354986497187,
  // f 93//165 91//165 133//165
  -0.298023809277752, 0.0308300767858829, 0.0280902955595249,
  -0.298794325526678, -0.0136714159183767, -0.0404354986497187,
  -0.197899554034138, 0.12926436345197, -0.0298348971911178,
  // f 130//166 133//166 91//166
  -0.198515359130913, 0.0823099847008324, -0.102492299830995,
  -0.197899554034138, 0.12926436345197, -0.0298348971911178,
  -0.298794325526678, -0.0136714159183767, -0.0404354986497187,
  // f 134//167 131//167 92//167
  -0.197899554034138, 0.12926436345197, -0.0298348971911178,
  -0.198515359130913, 0.0823099847008324, -0.102492299830995,
  -0.298794325526678, -0.0136714159183767, -0.0404354986497187,
  // f 92//168 94//168 134//168
  -0.298794325526678, -0.0136714159183767, -0.0404354986497187,
  -0.298023809277752, 0.0308300767858829, 0.0280902955595249,
  -0.197899554034138, 0.12926436345197, -0.0298348971911178,
  // f 93//169 133//169 95//169
  -0.298023809277752, 0.0308300767858829, 0.0280902955595249,
  -0.197899554034138, 0.12926436345197, -0.0298348971911178,
  -0.267788265347991, 0.045097545316297, 0.106270491194664,
  // f 117//170 95//170 133//170
  -0.166068874295949, 0.144222409070179, 0.0530322256860112,
  -0.267788265347991, 0.045097545316297, 0.106270491194664,
  -0.197899554034138, 0.12926436345197, -0.0298348971911178,
  // f 96//171 118//171 134//171
  -0.267788265347991, 0.045097545316297, 0.106270491194664,
  -0.166068874295949, 0.144222409070179, 0.0530322256860112,
  -0.197899554034138, 0.12926436345197, -0.0298348971911178,
  // f 134//172 94//172 96//172
  -0.197899554034138, 0.12926436345197, -0.0298348971911178,
  -0.298023809277752, 0.0308300767858829, 0.0280902955595249,
  -0.267788265347991, 0.045097545316297, 0.106270491194664,
  // f 117//173 120//173 98//173
  -0.166068874295949, 0.144222409070179, 0.0530322256860112,
  0.00291491355585104, 0.21987281900914, 0.070505467343615,
  -0.109327267451941, 0.124228196300703, 0.129696616771488,
  // f 121//174 118//174 99//174
  0.00291491355585104, 0.21987281900914, 0.070505467343615,
  -0.166068874295949, 0.144222409070179, 0.0530322256860112,
  -0.109327267451941, 0.124228196300703, 0.129696616771488,
  // f 119//175 120//175 135//175
  0.0762890330852618, 0.168054917378685, 0.126924581982451,
  0.00291491355585104, 0.21987281900914, 0.070505467343615,
  0.182119971789858, 0.24886672235631, 0.0637048635749851,
  // f 136//176 135//176 120//176
  0.114924571908642, 0.296829915083853, 0.0115687250559204,
  0.182119971789858, 0.24886672235631, 0.0637048635749851,
  0.00291491355585104, 0.21987281900914, 0.070505467343615,
  // f 138//177 137//177 121//177
  0.182119971789858, 0.24886672235631, 0.0637048635749851,
  0.114924571908642, 0.296829915083853, 0.0115687250559204,
  0.00291491355585104, 0.21987281900914, 0.070505467343615,
  // f 121//178 122//178 138//178
  0.00291491355585104, 0.21987281900914, 0.070505467343615,
  0.0762890330852618, 0.168054917378685, 0.126924581982451,
  0.182119971789858, 0.24886672235631, 0.0637048635749851,
  // f 123//179 119//179 139//179
  0.147631542907444, 0.0933528351307107, 0.151040372793521,
  0.0762890330852618, 0.168054917378685, 0.126924581982451,
  0.24813695293455, 0.180367979802355, 0.085701810689303,
  // f 135//180 139//180 119//180
  0.182119971789858, 0.24886672235631, 0.0637048635749851,
  0.24813695293455, 0.180367979802355, 0.085701810689303,
  0.0762890330852618, 0.168054917378685, 0.126924581982451,
  // f 140//181 138//181 122//181
  0.24813695293455, 0.180367979802355, 0.085701810689303,
  0.182119971789858, 0.24886672235631, 0.0637048635749851,
  0.0762890330852618, 0.168054917378685, 0.126924581982451,
  // f 122//182 124//182 140//182
  0.0762890330852618, 0.168054917378685, 0.126924581982451,
  0.147631542907444, 0.0933528351307107, 0.151040372793521,
  0.24813695293455, 0.180367979802355, 0.085701810689303,
  // f 101//183 123//183 125//183
  0.0312279662530836, 0.0013468120340678, 0.207916022109235,
  0.147631542907444, 0.0933528351307107, 0.151040372793521,
  0.0872027042623614, -0.0772002526789625, 0.193978340612385,
  // f 124//184 102//184 126//184
  0.147631542907444, 0.0933528351307107, 0.151040372793521,
  0.0312279662530836, 0.0013468120340678, 0.207916022109235,
  0.0872027042623614, -0.0772002526789625, 0.193978340612385,
  // f 105//185 103//185 141//185
  0.000280872603900302, -0.229966117258984, 0.194097489476124,
  -0.0285668302242437, -0.164045184688122, 0.23939776588933,
