/*
created with obj2opengl.pl

source file    : .\hand.obj
vertices       : 224
faces          : 440
normals        : 440
texture coords : 0


// include generated arrays
#import ".\hand.h"

// set input data to arrays
glVertexPointer(3, GL_FLOAT, 0, handVerts);
glNormalPointer(GL_FLOAT, 0, handNormals);

// draw data
glDrawArrays(GL_TRIANGLES, 0, handNumVerts);
*/

unsigned int handNumVerts = 1320;

float handVerts [] = {
  // f 3//1 1//1 2//1
  -0.404649088597942, -0.310355797808015, -0.0844824903281681,
  -0.402485538702274, -0.318645824329313, -0.062811365745921,
  -0.39958572587818, -0.309462329738188, -0.105387381217621,
  // f 2//2 1//2 4//2
  -0.39958572587818, -0.309462329738188, -0.105387381217621,
  -0.402485538702274, -0.318645824329313, -0.062811365745921,
  -0.393522018211885, -0.332698154414872, -0.0446654816366465,
  // f 5//3 2//3 4//3
  -0.388293533545041, -0.316135065955878, -0.121384418070352,
  -0.39958572587818, -0.309462329738188, -0.105387381217621,
  -0.393522018211885, -0.332698154414872, -0.0446654816366465,
  // f 6//4 5//4 4//4
  -0.379530760627302, -0.34971363176998, -0.0336385022938544,
  -0.388293533545041, -0.316135065955878, -0.121384418070352,
  -0.393522018211885, -0.332698154414872, -0.0446654816366465,
  // f 7//5 5//5 6//5
  -0.373012402120412, -0.329067733523552, -0.129305747641317,
  -0.388293533545041, -0.316135065955878, -0.121384418070352,
  -0.379530760627302, -0.34971363176998, -0.0336385022938544,
  // f 8//6 7//6 6//6
  -0.363286606340069, -0.36633892370219, -0.031914900599658,
  -0.373012402120412, -0.329067733523552, -0.129305747641317,
  -0.379530760627302, -0.34971363176998, -0.0336385022938544,
  // f 9//7 7//7 8//7
  -0.356769944291539, -0.345687370594561, -0.127581014974881,
  -0.373012402120412, -0.329067733523552, -0.129305747641317,
  -0.363286606340069, -0.36633892370219, -0.031914900599658,
  // f 10//8 9//8 8//8
  -0.34800660588768, -0.379265936408663, -0.0398362301706237,
  -0.356769944291539, -0.345687370594561, -0.127581014974881,
  -0.363286606340069, -0.36633892370219, -0.031914900599658,
  // f 11//9 9//9 10//9
  -0.342778686706957, -0.36270850281087, -0.116555166604329,
  -0.356769944291539, -0.345687370594561, -0.127581014974881,
  -0.34800660588768, -0.379265936408663, -0.0398362301706237,
  // f 12//10 11//10 10//10
  -0.336714413554541, -0.385944327487554, -0.0558332670233541,
  -0.342778686706957, -0.36270850281087, -0.116555166604329,
  -0.34800660588768, -0.379265936408663, -0.0398362301706237,
  // f 13//11 11//11 12//11
  -0.333815166216567, -0.376760832896429, -0.0984081515228141,
  -0.342778686706957, -0.36270850281087, -0.116555166604329,
  -0.336714413554541, -0.385944327487554, -0.0558332670233541,
  // f 14//12 13//12 12//12
  -0.331649354376419, -0.385050859417727, -0.0767375924266871,
  -0.333815166216567, -0.376760832896429, -0.0984081515228141,
  -0.336714413554541, -0.385944327487554, -0.0558332670233541,
  // f 17//13 15//13 16//13
  -0.333815166216567, -0.376760832896429, -0.0984081515228141,
  -0.331649354376419, -0.385050859417727, -0.0767375924266871,
  -0.336714413554541, -0.385944327487554, -0.0558332670233541,
  // f 18//14 17//14 16//14
  -0.342778686706957, -0.36270850281087, -0.116555166604329,
  -0.333815166216567, -0.376760832896429, -0.0984081515228141,
  -0.336714413554541, -0.385944327487554, -0.0558332670233541,
  // f 18//15 16//15 19//15
  -0.342778686706957, -0.36270850281087, -0.116555166604329,
  -0.336714413554541, -0.385944327487554, -0.0558332670233541,
  -0.34800660588768, -0.379265936408663, -0.0398362301706237,
  // f 20//16 18//16 19//16
  -0.356769944291539, -0.345687370594561, -0.127581014974881,
  -0.342778686706957, -0.36270850281087, -0.116555166604329,
  -0.34800660588768, -0.379265936408663, -0.0398362301706237,
  // f 20//17 19//17 21//17
  -0.356769944291539, -0.345687370594561, -0.127581014974881,
  -0.34800660588768, -0.379265936408663, -0.0398362301706237,
  -0.363286606340069, -0.36633892370219, -0.031914900599658,
  // f 22//18 20//18 21//18
  -0.373012402120412, -0.329067733523552, -0.129305747641317,
  -0.356769944291539, -0.345687370594561, -0.127581014974881,
  -0.363286606340069, -0.36633892370219, -0.031914900599658,
  // f 22//19 21//19 23//19
  -0.373012402120412, -0.329067733523552, -0.129305747641317,
  -0.363286606340069, -0.36633892370219, -0.031914900599658,
  -0.379530760627302, -0.34971363176998, -0.0336385022938544,
  // f 24//20 22//20 23//20
  -0.388293533545041, -0.316135065955878, -0.121384418070352,
  -0.373012402120412, -0.329067733523552, -0.129305747641317,
  -0.379530760627302, -0.34971363176998, -0.0336385022938544,
  // f 24//21 23//21 25//21
  -0.388293533545041, -0.316135065955878, -0.121384418070352,
  -0.379530760627302, -0.34971363176998, -0.0336385022938544,
  -0.393522018211885, -0.332698154414872, -0.0446654816366465,
  // f 26//22 24//22 25//22
  -0.39958572587818, -0.309462329738188, -0.105387381217621,
  -0.388293533545041, -0.316135065955878, -0.121384418070352,
  -0.393522018211885, -0.332698154414872, -0.0446654816366465,
  // f 26//23 25//23 27//23
  -0.39958572587818, -0.309462329738188, -0.105387381217621,
  -0.393522018211885, -0.332698154414872, -0.0446654816366465,
  -0.402485538702274, -0.318645824329313, -0.062811365745921,
  // f 27//24 28//24 26//24
  -0.402485538702274, -0.318645824329313, -0.062811365745921,
  -0.404649088597942, -0.310355797808015, -0.0844824903281681,
  -0.39958572587818, -0.309462329738188, -0.105387381217621,
  // f 8//25 29//25 10//25
  -0.363286606340069, -0.36633892370219, -0.031914900599658,
  -0.291835173115498, -0.367107984825585, 0.0943683287784768,
  -0.34800660588768, -0.379265936408663, -0.0398362301706237,
  // f 30//26 21//26 19//26
  -0.291835173115498, -0.367107984825585, 0.0943683287784768,
  -0.363286606340069, -0.36633892370219, -0.031914900599658,
  -0.34800660588768, -0.379265936408663, -0.0398362301706237,
  // f 10//27 31//27 12//27
  -0.34800660588768, -0.379265936408663, -0.0398362301706237,
  -0.239104723384386, -0.414043332797469, 0.0660448254788653,
  -0.336714413554541, -0.385944327487554, -0.0558332670233541,
  // f 32//28 19//28 16//28
  -0.239104723384386, -0.414043332797469, 0.0660448254788653,
  -0.34800660588768, -0.379265936408663, -0.0398362301706237,
  -0.336714413554541, -0.385944327487554, -0.0558332670233541,
  // f 12//29 33//29 14//29
  -0.336714413554541, -0.385944327487554, -0.0558332670233541,
  -0.200607559297279, -0.439026509585394, 0.00914900498677934,
  -0.331649354376419, -0.385050859417727, -0.0767375924266871,
  // f 34//30 16//30 15//30
  -0.200607559297279, -0.439026509585394, 0.00914900498677934,
  -0.336714413554541, -0.385944327487554, -0.0558332670233541,
  -0.331649354376419, -0.385050859417727, -0.0767375924266871,
  // f 14//31 35//31 13//31
  -0.331649354376419, -0.385050859417727, -0.0767375924266871,
  -0.183972654101027, -0.437109511638109, -0.0650495598094477,
  -0.333815166216567, -0.376760832896429, -0.0984081515228141,
  // f 36//32 15//32 17//32
  -0.183972654101027, -0.437109511638109, -0.0650495598094477,
  -0.331649354376419, -0.385050859417727, -0.0767375924266871,
  -0.333815166216567, -0.376760832896429, -0.0984081515228141,
  // f 13//33 37//33 11//33
  -0.333815166216567, -0.376760832896429, -0.0984081515228141,
  -0.224476728428523, -0.359338205534817, -0.206051261922669,
  -0.342778686706957, -0.36270850281087, -0.116555166604329,
  // f 38//34 17//34 18//34
  -0.224476728428523, -0.359338205534817, -0.206051261922669,
  -0.333815166216567, -0.376760832896429, -0.0984081515228141,
  -0.342778686706957, -0.36270850281087, -0.116555166604329,
  // f 11//35 39//35 9//35
  -0.342778686706957, -0.36270850281087, -0.116555166604329,
  -0.2735959837964, -0.298893394152713, -0.244928998168633,
  -0.356769944291539, -0.345687370594561, -0.127581014974881,
  // f 40//36 18//36 20//36
  -0.2735959837964, -0.298893394152713, -0.244928998168633,
  -0.342778686706957, -0.36270850281087, -0.116555166604329,
  -0.356769944291539, -0.345687370594561, -0.127581014974881,
  // f 9//37 41//37 7//37
  -0.356769944291539, -0.345687370594561, -0.127581014974881,
  -0.330119148935311, -0.239302466812024, -0.250786868887196,
  -0.373012402120412, -0.329067733523552, -0.129305747641317,
  // f 42//38 20//38 22//38
  -0.330119148935311, -0.239302466812024, -0.250786868887196,
  -0.356769944291539, -0.345687370594561, -0.127581014974881,
  -0.373012402120412, -0.329067733523552, -0.129305747641317,
  // f 7//39 43//39 5//39
  -0.373012402120412, -0.329067733523552, -0.129305747641317,
  -0.382850164152543, -0.19236711884014, -0.222462234615345,
  -0.388293533545041, -0.316135065955878, -0.121384418070352,
  // f 44//40 22//40 24//40
  -0.382850164152543, -0.19236711884014, -0.222462234615345,
  -0.373012402120412, -0.329067733523552, -0.129305747641317,
  -0.388293533545041, -0.316135065955878, -0.121384418070352,
  // f 5//41 45//41 2//41
  -0.388293533545041, -0.316135065955878, -0.121384418070352,
  -0.42134732823965, -0.167389596913416, -0.165566414123259,
  -0.39958572587818, -0.309462329738188, -0.105387381217621,
  // f 46//42 24//42 26//42
  -0.42134732823965, -0.167389596913416, -0.165566414123259,
  -0.388293533545041, -0.316135065955878, -0.121384418070352,
  -0.39958572587818, -0.309462329738188, -0.105387381217621,
  // f 3//43 2//43 47//43
  -0.404649088597942, -0.310355797808015, -0.0844824903281681,
  -0.39958572587818, -0.309462329738188, -0.105387381217621,
  -0.437982233435902, -0.169306594860701, -0.0913689802992718,
  // f 26//44 28//44 48//44
  -0.39958572587818, -0.309462329738188, -0.105387381217621,
  -0.404649088597942, -0.310355797808015, -0.0844824903281681,
  -0.437982233435902, -0.169306594860701, -0.0913689802992718,
  // f 1//45 3//45 49//45
  -0.402485538702274, -0.318645824329313, -0.062811365745921,
  -0.404649088597942, -0.310355797808015, -0.0844824903281681,
  -0.429464881494306, -0.197744891842702, -0.0145652209475451,
  // f 28//46 27//46 50//46
  -0.404649088597942, -0.310355797808015, -0.0844824903281681,
  -0.402485538702274, -0.318645824329313, -0.062811365745921,
  -0.429464881494306, -0.197744891842702, -0.0145652209475451,
  // f 4//47 1//47 49//47
  -0.393522018211885, -0.332698154414872, -0.0446654816366465,
  -0.402485538702274, -0.318645824329313, -0.062811365745921,
  -0.429464881494306, -0.197744891842702, -0.0145652209475451,
  // f 27//48 25//48 50//48
  -0.402485538702274, -0.318645824329313, -0.062811365745921,
  -0.393522018211885, -0.332698154414872, -0.0446654816366465,
  -0.429464881494306, -0.197744891842702, -0.0145652209475451,
  // f 6//49 4//49 51//49
  -0.379530760627302, -0.34971363176998, -0.0336385022938544,
  -0.393522018211885, -0.332698154414872, -0.0446654816366465,
  -0.397477028136166, -0.247072246102791, 0.0496338527861901,
  // f 25//50 23//50 52//50
  -0.393522018211885, -0.332698154414872, -0.0446654816366465,
  -0.379530760627302, -0.34971363176998, -0.0336385022938544,
  -0.397477028136166, -0.247072246102791, 0.0496338527861901,
  // f 8//51 6//51 53//51
  -0.363286606340069, -0.36633892370219, -0.031914900599658,
  -0.379530760627302, -0.34971363176998, -0.0336385022938544,
  -0.34835946922665, -0.307517057484896, 0.0885115890321539,
  // f 23//52 21//52 54//52
  -0.379530760627302, -0.34971363176998, -0.0336385022938544,
  -0.363286606340069, -0.36633892370219, -0.031914900599658,
  -0.34835946922665, -0.307517057484896, 0.0885115890321539,
  // f 29//53 8//53 53//53
  -0.291835173115498, -0.367107984825585, 0.0943683287784768,
  -0.363286606340069, -0.36633892370219, -0.031914900599658,
  -0.34835946922665, -0.307517057484896, 0.0885115890321539,
  // f 21//54 30//54 54//54
  -0.363286606340069, -0.36633892370219, -0.031914900599658,
  -0.291835173115498, -0.367107984825585, 0.0943683287784768,
  -0.34835946922665, -0.307517057484896, 0.0885115890321539,
  // f 29//55 31//55 10//55
  -0.291835173115498, -0.367107984825585, 0.0943683287784768,
  -0.239104723384386, -0.414043332797469, 0.0660448254788653,
  -0.34800660588768, -0.379265936408663, -0.0398362301706237,
  // f 32//56 30//56 19//56
  -0.239104723384386, -0.414043332797469, 0.0660448254788653,
  -0.291835173115498, -0.367107984825585, 0.0943683287784768,
  -0.34800660588768, -0.379265936408663, -0.0398362301706237,
  // f 31//57 33//57 12//57
  -0.239104723384386, -0.414043332797469, 0.0660448254788653,
  -0.200607559297279, -0.439026509585394, 0.00914900498677934,
  -0.336714413554541, -0.385944327487554, -0.0558332670233541,
  // f 34//58 32//58 16//58
  -0.200607559297279, -0.439026509585394, 0.00914900498677934,
  -0.239104723384386, -0.414043332797469, 0.0660448254788653,
  -0.336714413554541, -0.385944327487554, -0.0558332670233541,
  // f 33//59 35//59 14//59
  -0.200607559297279, -0.439026509585394, 0.00914900498677934,
  -0.183972654101027, -0.437109511638109, -0.0650495598094477,
  -0.331649354376419, -0.385050859417727, -0.0767375924266871,
  // f 36//60 34//60 15//60
  -0.183972654101027, -0.437109511638109, -0.0650495598094477,
  -0.200607559297279, -0.439026509585394, 0.00914900498677934,
  -0.331649354376419, -0.385050859417727, -0.0767375924266871,
  // f 13//61 35//61 55//61
  -0.333815166216567, -0.376760832896429, -0.0984081515228141,
  -0.183972654101027, -0.437109511638109, -0.0650495598094477,
  -0.192490571528744, -0.408665559794907, -0.141852188188934,
  // f 36//62 17//62 56//62
  -0.183972654101027, -0.437109511638109, -0.0650495598094477,
  -0.333815166216567, -0.376760832896429, -0.0984081515228141,
  -0.192490571528744, -0.408665559794907, -0.141852188188934,
  // f 13//63 55//63 37//63
  -0.333815166216567, -0.376760832896429, -0.0984081515228141,
  -0.192490571528744, -0.408665559794907, -0.141852188188934,
  -0.224476728428523, -0.359338205534817, -0.206051261922669,
  // f 56//64 17//64 38//64
  -0.192490571528744, -0.408665559794907, -0.141852188188934,
  -0.333815166216567, -0.376760832896429, -0.0984081515228141,
  -0.224476728428523, -0.359338205534817, -0.206051261922669,
  // f 11//65 37//65 39//65
  -0.342778686706957, -0.36270850281087, -0.116555166604329,
  -0.224476728428523, -0.359338205534817, -0.206051261922669,
  -0.2735959837964, -0.298893394152713, -0.244928998168633,
  // f 38//66 18//66 40//66
  -0.224476728428523, -0.359338205534817, -0.206051261922669,
  -0.342778686706957, -0.36270850281087, -0.116555166604329,
  -0.2735959837964, -0.298893394152713, -0.244928998168633,
  // f 39//67 41//67 9//67
  -0.2735959837964, -0.298893394152713, -0.244928998168633,
  -0.330119148935311, -0.239302466812024, -0.250786868887196,
  -0.356769944291539, -0.345687370594561, -0.127581014974881,
  // f 42//68 40//68 20//68
  -0.330119148935311, -0.239302466812024, -0.250786868887196,
  -0.2735959837964, -0.298893394152713, -0.244928998168633,
  -0.356769944291539, -0.345687370594561, -0.127581014974881,
  // f 7//69 41//69 43//69
  -0.373012402120412, -0.329067733523552, -0.129305747641317,
  -0.330119148935311, -0.239302466812024, -0.250786868887196,
  -0.382850164152543, -0.19236711884014, -0.222462234615345,
  // f 42//70 22//70 44//70
  -0.330119148935311, -0.239302466812024, -0.250786868887196,
  -0.373012402120412, -0.329067733523552, -0.129305747641317,
  -0.382850164152543, -0.19236711884014, -0.222462234615345,
  // f 5//71 43//71 45//71
  -0.388293533545041, -0.316135065955878, -0.121384418070352,
  -0.382850164152543, -0.19236711884014, -0.222462234615345,
  -0.42134732823965, -0.167389596913416, -0.165566414123259,
  // f 44//72 24//72 46//72
  -0.382850164152543, -0.19236711884014, -0.222462234615345,
  -0.388293533545041, -0.316135065955878, -0.121384418070352,
  -0.42134732823965, -0.167389596913416, -0.165566414123259,
  // f 2//73 45//73 47//73
  -0.39958572587818, -0.309462329738188, -0.105387381217621,
  -0.42134732823965, -0.167389596913416, -0.165566414123259,
  -0.437982233435902, -0.169306594860701, -0.0913689802992718,
  // f 46//74 26//74 48//74
  -0.42134732823965, -0.167389596913416, -0.165566414123259,
  -0.39958572587818, -0.309462329738188, -0.105387381217621,
  -0.437982233435902, -0.169306594860701, -0.0913689802992718,
  // f 3//75 47//75 49//75
  -0.404649088597942, -0.310355797808015, -0.0844824903281681,
  -0.437982233435902, -0.169306594860701, -0.0913689802992718,
  -0.429464881494306, -0.197744891842702, -0.0145652209475451,
  // f 48//76 28//76 50//76
  -0.437982233435902, -0.169306594860701, -0.0913689802992718,
  -0.404649088597942, -0.310355797808015, -0.0844824903281681,
  -0.429464881494306, -0.197744891842702, -0.0145652209475451,
  // f 51//77 4//77 49//77
  -0.397477028136166, -0.247072246102791, 0.0496338527861901,
  -0.393522018211885, -0.332698154414872, -0.0446654816366465,
  -0.429464881494306, -0.197744891842702, -0.0145652209475451,
  // f 25//78 52//78 50//78
  -0.393522018211885, -0.332698154414872, -0.0446654816366465,
  -0.397477028136166, -0.247072246102791, 0.0496338527861901,
  -0.429464881494306, -0.197744891842702, -0.0145652209475451,
  // f 53//79 6//79 51//79
  -0.34835946922665, -0.307517057484896, 0.0885115890321539,
  -0.379530760627302, -0.34971363176998, -0.0336385022938544,
  -0.397477028136166, -0.247072246102791, 0.0496338527861901,
  // f 23//80 54//80 52//80
  -0.379530760627302, -0.34971363176998, -0.0336385022938544,
  -0.34835946922665, -0.307517057484896, 0.0885115890321539,
  -0.397477028136166, -0.247072246102791, 0.0496338527861901,
  // f 29//81 53//81 57//81
  -0.291835173115498, -0.367107984825585, 0.0943683287784768,
  -0.34835946922665, -0.307517057484896, 0.0885115890321539,
  -0.290024486558799, -0.22269979432462, 0.240958164730953,
  // f 54//82 30//82 58//82
  -0.34835946922665, -0.307517057484896, 0.0885115890321539,
  -0.291835173115498, -0.367107984825585, 0.0943683287784768,
  -0.290024486558799, -0.22269979432462, 0.240958164730953,
  // f 29//83 59//83 31//83
  -0.291835173115498, -0.367107984825585, 0.0943683287784768,
  -0.189690849747915, -0.326890611961001, 0.251476206565617,
  -0.239104723384386, -0.414043332797469, 0.0660448254788653,
  // f 60//84 30//84 32//84
  -0.189690849747915, -0.326890611961001, 0.251476206565617,
  -0.291835173115498, -0.367107984825585, 0.0943683287784768,
  -0.239104723384386, -0.414043332797469, 0.0660448254788653,
  // f 31//85 61//85 33//85
  -0.239104723384386, -0.414043332797469, 0.0660448254788653,
  -0.095686133593673, -0.408445020208051, 0.201880246398459,
  -0.200607559297279, -0.439026509585394, 0.00914900498677934,
  // f 62//86 32//86 34//86
  -0.095686133593673, -0.408445020208051, 0.201880246398459,
  -0.239104723384386, -0.414043332797469, 0.0660448254788653,
  -0.200607559297279, -0.439026509585394, 0.00914900498677934,
  // f 33//87 63//87 35//87
  -0.200607559297279, -0.439026509585394, 0.00914900498677934,
  -0.026630665060148, -0.451218390335681, 0.101996736539208,
  -0.183972654101027, -0.437109511638109, -0.0650495598094477,
  // f 64//88 34//88 36//88
  -0.026630665060148, -0.451218390335681, 0.101996736539208,
  -0.200607559297279, -0.439026509585394, 0.00914900498677934,
  -0.183972654101027, -0.437109511638109, -0.0650495598094477,
  // f 35//89 65//89 55//89
  -0.183972654101027, -0.437109511638109, -0.0650495598094477,
  0.00380153598147731, -0.446728430541745, -0.0283947495017667,
  -0.192490571528744, -0.408665559794907, -0.141852188188934,
  // f 66//90 36//90 56//90
  0.00380153598147731, -0.446728430541745, -0.0283947495017667,
  -0.183972654101027, -0.437109511638109, -0.0650495598094477,
  -0.192490571528744, -0.408665559794907, -0.141852188188934,
  // f 55//91 67//91 37//91
  -0.192490571528744, -0.408665559794907, -0.141852188188934,
  -0.0664793409743977, -0.308721542920801, -0.276465028116778,
  -0.224476728428523, -0.359338205534817, -0.206051261922669,
  // f 68//92 56//92 38//92
  -0.0664793409743977, -0.308721542920801, -0.276465028116778,
  -0.192490571528744, -0.408665559794907, -0.141852188188934,
  -0.224476728428523, -0.359338205534817, -0.206051261922669,
  // f 37//93 69//93 39//93
  -0.224476728428523, -0.359338205534817, -0.206051261922669,
  -0.153271281666213, -0.202534559280314, -0.345011559142174,
  -0.2735959837964, -0.298893394152713, -0.244928998168633,
  // f 70//94 38//94 40//94
  -0.153271281666213, -0.202534559280314, -0.345011559142174,
  -0.224476728428523, -0.359338205534817, -0.206051261922669,
  -0.2735959837964, -0.298893394152713, -0.244928998168633,
  // f 39//95 71//95 41//95
  -0.2735959837964, -0.298893394152713, -0.244928998168633,
  -0.253603222018737, -0.0983437416439337, -0.355529600976837,
  -0.330119148935311, -0.239302466812024, -0.250786868887196,
  // f 72//96 40//96 42//96
  -0.253603222018737, -0.0983437416439337, -0.355529600976837,
  -0.2735959837964, -0.298893394152713, -0.244928998168633,
  -0.330119148935311, -0.239302466812024, -0.250786868887196,
  // f 41//97 73//97 43//97
  -0.330119148935311, -0.239302466812024, -0.250786868887196,
  -0.34760906914522, -0.0167893333968838, -0.30593364080968,
  -0.382850164152543, -0.19236711884014, -0.222462234615345,
  // f 74//98 42//98 44//98
  -0.34760906914522, -0.0167893333968838, -0.30593364080968,
  -0.330119148935311, -0.239302466812024, -0.250786868887196,
  -0.382850164152543, -0.19236711884014, -0.222462234615345,
  // f 45//99 43//99 75//99
  -0.42134732823965, -0.167389596913416, -0.165566414123259,
  -0.382850164152543, -0.19236711884014, -0.222462234615345,
  -0.416664537678745, 0.0259783818695452, -0.206050130950429,
  // f 44//100 46//100 76//100
  -0.382850164152543, -0.19236711884014, -0.222462234615345,
  -0.42134732823965, -0.167389596913416, -0.165566414123259,
  -0.416664537678745, 0.0259783818695452, -0.206050130950429,
  // f 47//101 45//101 77//101
  -0.437982233435902, -0.169306594860701, -0.0913689802992718,
  -0.42134732823965, -0.167389596913416, -0.165566414123259,
  -0.44709617323425, 0.0214940769368098, -0.075658644909454,
  // f 46//102 48//102 78//102
  -0.42134732823965, -0.167389596913416, -0.165566414123259,
  -0.437982233435902, -0.169306594860701, -0.0913689802992718,
  -0.44709617323425, 0.0214940769368098, -0.075658644909454,
  // f 49//103 47//103 79//103
  -0.429464881494306, -0.197744891842702, -0.0145652209475451,
  -0.437982233435902, -0.169306594860701, -0.0913689802992718,
  -0.432873066340409, -0.0293657447088681, 0.059412238775706,
  // f 48//104 50//104 80//104
  -0.437982233435902, -0.169306594860701, -0.0913689802992718,
  -0.429464881494306, -0.197744891842702, -0.0145652209475451,
  -0.432873066340409, -0.0293657447088681, 0.059412238775706,
  // f 51//105 49//105 79//105
  -0.397477028136166, -0.247072246102791, 0.0496338527861901,
  -0.429464881494306, -0.197744891842702, -0.0145652209475451,
  -0.432873066340409, -0.0293657447088681, 0.059412238775706,
  // f 50//106 52//106 80//106
  -0.429464881494306, -0.197744891842702, -0.0145652209475451,
  -0.397477028136166, -0.247072246102791, 0.0496338527861901,
  -0.432873066340409, -0.0293657447088681, 0.059412238775706,
  // f 53//107 51//107 81//107
  -0.34835946922665, -0.307517057484896, 0.0885115890321539,
  -0.397477028136166, -0.247072246102791, 0.0496338527861901,
  -0.376815861764495, -0.116512810684133, 0.172412199191678,
  // f 52//108 54//108 82//108
  -0.397477028136166, -0.247072246102791, 0.0496338527861901,
  -0.34835946922665, -0.307517057484896, 0.0885115890321539,
  -0.376815861764495, -0.116512810684133, 0.172412199191678,
  // f 57//109 53//109 81//109
  -0.290024486558799, -0.22269979432462, 0.240958164730953,
  -0.34835946922665, -0.307517057484896, 0.0885115890321539,
  -0.376815861764495, -0.116512810684133, 0.172412199191678,
  // f 54//110 58//110 82//110
  -0.34835946922665, -0.307517057484896, 0.0885115890321539,
  -0.290024486558799, -0.22269979432462, 0.240958164730953,
  -0.376815861764495, -0.116512810684133, 0.172412199191678,
  // f 59//111 29//111 57//111
  -0.189690849747915, -0.326890611961001, 0.251476206565617,
  -0.291835173115498, -0.367107984825585, 0.0943683287784768,
  -0.290024486558799, -0.22269979432462, 0.240958164730953,
  // f 30//112 60//112 58//112
  -0.291835173115498, -0.367107984825585, 0.0943683287784768,
  -0.189690849747915, -0.326890611961001, 0.251476206565617,
  -0.290024486558799, -0.22269979432462, 0.240958164730953,
  // f 59//113 61//113 31//113
  -0.189690849747915, -0.326890611961001, 0.251476206565617,
  -0.095686133593673, -0.408445020208051, 0.201880246398459,
  -0.239104723384386, -0.414043332797469, 0.0660448254788653,
  // f 62//114 60//114 32//114
  -0.095686133593673, -0.408445020208051, 0.201880246398459,
  -0.189690849747915, -0.326890611961001, 0.251476206565617,
  -0.239104723384386, -0.414043332797469, 0.0660448254788653,
  // f 61//115 63//115 33//115
  -0.095686133593673, -0.408445020208051, 0.201880246398459,
  -0.026630665060148, -0.451218390335681, 0.101996736539208,
  -0.200607559297279, -0.439026509585394, 0.00914900498677934,
  // f 64//116 62//116 34//116
  -0.026630665060148, -0.451218390335681, 0.101996736539208,
  -0.095686133593673, -0.408445020208051, 0.201880246398459,
  -0.200607559297279, -0.439026509585394, 0.00914900498677934,
  // f 63//117 65//117 35//117
  -0.026630665060148, -0.451218390335681, 0.101996736539208,
  0.00380153598147731, -0.446728430541745, -0.0283947495017667,
  -0.183972654101027, -0.437109511638109, -0.0650495598094477,
  // f 66//118 64//118 36//118
  0.00380153598147731, -0.446728430541745, -0.0283947495017667,
  -0.026630665060148, -0.451218390335681, 0.101996736539208,
  -0.183972654101027, -0.437109511638109, -0.0650495598094477,
  // f 55//119 65//119 83//119
  -0.192490571528744, -0.408665559794907, -0.141852188188934,
  0.00380153598147731, -0.446728430541745, -0.0283947495017667,
  -0.0104221363984841, -0.395874263757268, -0.163465633186927,
  // f 66//120 56//120 84//120
  0.00380153598147731, -0.446728430541745, -0.0283947495017667,
  -0.192490571528744, -0.408665559794907, -0.141852188188934,
  -0.0104221363984841, -0.395874263757268, -0.163465633186927,
  // f 55//121 83//121 67//121
  -0.192490571528744, -0.408665559794907, -0.141852188188934,
  -0.0104221363984841, -0.395874263757268, -0.163465633186927,
  -0.0664793409743977, -0.308721542920801, -0.276465028116778,
  // f 84//122 56//122 68//122
  -0.0104221363984841, -0.395874263757268, -0.163465633186927,
  -0.192490571528744, -0.408665559794907, -0.141852188188934,
  -0.0664793409743977, -0.308721542920801, -0.276465028116778,
  // f 67//123 69//123 37//123
  -0.0664793409743977, -0.308721542920801, -0.276465028116778,
  -0.153271281666213, -0.202534559280314, -0.345011559142174,
  -0.224476728428523, -0.359338205534817, -0.206051261922669,
  // f 70//124 68//124 38//124
  -0.153271281666213, -0.202534559280314, -0.345011559142174,
  -0.0664793409743977, -0.308721542920801, -0.276465028116778,
  -0.224476728428523, -0.359338205534817, -0.206051261922669,
  // f 69//125 71//125 39//125
  -0.153271281666213, -0.202534559280314, -0.345011559142174,
  -0.253603222018737, -0.0983437416439337, -0.355529600976837,
  -0.2735959837964, -0.298893394152713, -0.244928998168633,
  // f 72//126 70//126 40//126
  -0.253603222018737, -0.0983437416439337, -0.355529600976837,
  -0.153271281666213, -0.202534559280314, -0.345011559142174,
  -0.2735959837964, -0.298893394152713, -0.244928998168633,
  // f 71//127 73//127 41//127
  -0.253603222018737, -0.0983437416439337, -0.355529600976837,
  -0.34760906914522, -0.0167893333968838, -0.30593364080968,
  -0.330119148935311, -0.239302466812024, -0.250786868887196,
  // f 74//128 72//128 42//128
  -0.34760906914522, -0.0167893333968838, -0.30593364080968,
  -0.253603222018737, -0.0983437416439337, -0.355529600976837,
  -0.330119148935311, -0.239302466812024, -0.250786868887196,
  // f 43//129 73//129 75//129
  -0.382850164152543, -0.19236711884014, -0.222462234615345,
  -0.34760906914522, -0.0167893333968838, -0.30593364080968,
  -0.416664537678745, 0.0259783818695452, -0.206050130950429,
  // f 74//130 44//130 76//130
  -0.34760906914522, -0.0167893333968838, -0.30593364080968,
  -0.382850164152543, -0.19236711884014, -0.222462234615345,
  -0.416664537678745, 0.0259783818695452, -0.206050130950429,
  // f 45//131 75//131 77//131
  -0.42134732823965, -0.167389596913416, -0.165566414123259,
  -0.416664537678745, 0.0259783818695452, -0.206050130950429,
  -0.44709617323425, 0.0214940769368098, -0.075658644909454,
  // f 76//132 46//132 78//132
  -0.416664537678745, 0.0259783818695452, -0.206050130950429,
  -0.42134732823965, -0.167389596913416, -0.165566414123259,
  -0.44709617323425, 0.0214940769368098, -0.075658644909454,
  // f 79//133 47//133 77//133
  -0.432873066340409, -0.0293657447088681, 0.059412238775706,
  -0.437982233435902, -0.169306594860701, -0.0913689802992718,
  -0.44709617323425, 0.0214940769368098, -0.075658644909454,
  // f 48//134 80//134 78//134
  -0.437982233435902, -0.169306594860701, -0.0913689802992718,
  -0.432873066340409, -0.0293657447088681, 0.059412238775706,
  -0.44709617323425, 0.0214940769368098, -0.075658644909454,
  // f 81//135 51//135 79//135
  -0.376815861764495, -0.116512810684133, 0.172412199191678,
  -0.397477028136166, -0.247072246102791, 0.0496338527861901,
  -0.432873066340409, -0.0293657447088681, 0.059412238775706,
  // f 52//136 82//136 80//136
  -0.397477028136166, -0.247072246102791, 0.0496338527861901,
  -0.376815861764495, -0.116512810684133, 0.172412199191678,
  -0.432873066340409, -0.0293657447088681, 0.059412238775706,
  // f 57//137 81//137 85//137
  -0.290024486558799, -0.22269979432462, 0.240958164730953,
  -0.376815861764495, -0.116512810684133, 0.172412199191678,
  -0.191406534636429, -0.115347909276638, 0.331167903532914,
  // f 86//138 85//138 81//138
  -0.29701898437885, 0.0133114927783373, 0.247885369702707,
  -0.191406534636429, -0.115347909276638, 0.331167903532914,
  -0.376815861764495, -0.116512810684133, 0.172412199191678,
  // f 88//139 87//139 82//139
  -0.191406534636429, -0.115347909276638, 0.331167903532914,
  -0.29701898437885, 0.0133114927783373, 0.247885369702707,
  -0.376815861764495, -0.116512810684133, 0.172412199191678,
  // f 82//140 58//140 88//140
  -0.376815861764495, -0.116512810684133, 0.172412199191678,
  -0.290024486558799, -0.22269979432462, 0.240958164730953,
  -0.191406534636429, -0.115347909276638, 0.331167903532914,
  // f 57//141 85//141 59//141
  -0.290024486558799, -0.22269979432462, 0.240958164730953,
  -0.191406534636429, -0.115347909276638, 0.331167903532914,
  -0.189690849747915, -0.326890611961001, 0.251476206565617,
  // f 88//142 58//142 60//142
  -0.191406534636429, -0.115347909276638, 0.331167903532914,
  -0.290024486558799, -0.22269979432462, 0.240958164730953,
  -0.189690849747915, -0.326890611961001, 0.251476206565617,
  // f 59//143 89//143 61//143
  -0.189690849747915, -0.326890611961001, 0.251476206565617,
  -0.068909800318773, -0.241140296702489, 0.344126583462116,
  -0.095686133593673, -0.408445020208051, 0.201880246398459,
  // f 90//144 60//144 62//144
  -0.068909800318773, -0.241140296702489, 0.344126583462116,
  -0.189690849747915, -0.326890611961001, 0.251476206565617,
  -0.095686133593673, -0.408445020208051, 0.201880246398459,
  // f 61//145 91//145 63//145
  -0.095686133593673, -0.408445020208051, 0.201880246398459,
  0.046213560478336, -0.339150351045705, 0.28419297153262,
  -0.026630665060148, -0.451218390335681, 0.101996736539208,
  // f 92//146 62//146 64//146
  0.046213560478336, -0.339150351045705, 0.28419297153262,
  -0.095686133593673, -0.408445020208051, 0.201880246398459,
  -0.026630665060148, -0.451218390335681, 0.101996736539208,
  // f 63//147 93//147 65//147
  -0.026630665060148, -0.451218390335681, 0.101996736539208,
  0.131159188987884, -0.389964933801772, 0.163240014322955,
  0.00380153598147731, -0.446728430541745, -0.0283947495017667,
  // f 94//148 64//148 66//148
  0.131159188987884, -0.389964933801772, 0.163240014322955,
  -0.026630665060148, -0.451218390335681, 0.101996736539208,
  0.00380153598147731, -0.446728430541745, -0.0283947495017667,
  // f 65//149 95//149 83//149
  0.00380153598147731, -0.446728430541745, -0.0283947495017667,
  0.169105569593972, -0.383518392032139, 0.00522340034074537,
  -0.0104221363984841, -0.395874263757268, -0.163465633186927,
  // f 96//150 66//150 84//150
  0.169105569593972, -0.383518392032139, 0.00522340034074537,
  0.00380153598147731, -0.446728430541745, -0.0283947495017667,
  -0.0104221363984841, -0.395874263757268, -0.163465633186927,
  // f 83//151 97//151 67//151
  -0.0104221363984841, -0.395874263757268, -0.163465633186927,
  0.152532867870936, -0.321088724368332, -0.158561172066925,
  -0.0664793409743977, -0.308721542920801, -0.276465028116778,
  // f 98//152 67//152 97//152
  0.084728254635168, -0.215037457396681, -0.295672895159681,
  -0.0664793409743977, -0.308721542920801, -0.276465028116778,
  0.152532867870936, -0.321088724368332, -0.158561172066925,
  // f 68//153 99//153 100//153
  -0.0664793409743977, -0.308721542920801, -0.276465028116778,
  0.084728254635168, -0.215037457396681, -0.295672895159681,
  0.152532867870936, -0.321088724368332, -0.158561172066925,
  // f 100//154 84//154 68//154
  0.152532867870936, -0.321088724368332, -0.158561172066925,
  -0.0104221363984841, -0.395874263757268, -0.163465633186927,
  -0.0664793409743977, -0.308721542920801, -0.276465028116778,
  // f 67//155 98//155 69//155
  -0.0664793409743977, -0.308721542920801, -0.276465028116778,
  0.084728254635168, -0.215037457396681, -0.295672895159681,
  -0.153271281666213, -0.202534559280314, -0.345011559142174,
  // f 101//156 69//156 98//156
  -0.0208836296211329, -0.086378055341704, -0.378955428989889,
  -0.153271281666213, -0.202534559280314, -0.345011559142174,
  0.084728254635168, -0.215037457396681, -0.295672895159681,
  // f 70//157 102//157 99//157
  -0.153271281666213, -0.202534559280314, -0.345011559142174,
  -0.0208836296211329, -0.086378055341704, -0.378955428989889,
  0.084728254635168, -0.215037457396681, -0.295672895159681,
  // f 99//158 68//158 70//158
  0.084728254635168, -0.215037457396681, -0.295672895159681,
  -0.0664793409743977, -0.308721542920801, -0.276465028116778,
  -0.153271281666213, -0.202534559280314, -0.345011559142174,
  // f 69//159 103//159 71//159
  -0.153271281666213, -0.202534559280314, -0.345011559142174,
  -0.143380363938789, 0.0394143320841468, -0.39191410891909,
  -0.253603222018737, -0.0983437416439337, -0.355529600976837,
  // f 104//160 70//160 72//160
  -0.143380363938789, 0.0394143320841468, -0.39191410891909,
  -0.153271281666213, -0.202534559280314, -0.345011559142174,
  -0.253603222018737, -0.0983437416439337, -0.355529600976837,
  // f 71//161 105//161 73//161
  -0.253603222018737, -0.0983437416439337, -0.355529600976837,
  -0.258504290222018, 0.137424386427363, -0.331982193447955,
  -0.34760906914522, -0.0167893333968838, -0.30593364080968,
  // f 106//162 72//162 74//162
  -0.258504290222018, 0.137424386427363, -0.331982193447955,
  -0.253603222018737, -0.0983437416439337, -0.355529600976837,
  -0.34760906914522, -0.0167893333968838, -0.30593364080968,
  // f 75//163 73//163 107//163
  -0.416664537678745, 0.0259783818695452, -0.206050130950429,
  -0.34760906914522, -0.0167893333968838, -0.30593364080968,
  -0.343449918731567, 0.188238969183429, -0.21102867075217,
  // f 74//164 76//164 108//164
  -0.34760906914522, -0.0167893333968838, -0.30593364080968,
  -0.416664537678745, 0.0259783818695452, -0.206050130950429,
  -0.343449918731567, 0.188238969183429, -0.21102867075217,
  // f 77//165 75//165 109//165
  -0.44709617323425, 0.0214940769368098, -0.075658644909454,
  -0.416664537678745, 0.0259783818695452, -0.206050130950429,
  -0.381395733851534, 0.181792427413797, -0.0530109257977195,
  // f 76//166 78//166 110//166
  -0.416664537678745, 0.0259783818695452, -0.206050130950429,
  -0.44709617323425, 0.0214940769368098, -0.075658644909454,
  -0.381395733851534, 0.181792427413797, -0.0530109257977195,
  // f 79//167 77//167 111//167
  -0.432873066340409, -0.0293657447088681, 0.059412238775706,
  -0.44709617323425, 0.0214940769368098, -0.075658644909454,
  -0.364823032128498, 0.11936275974999, 0.110773646609951,
  // f 78//168 80//168 112//168
  -0.44709617323425, 0.0214940769368098, -0.075658644909454,
  -0.432873066340409, -0.0293657447088681, 0.059412238775706,
  -0.364823032128498, 0.11936275974999, 0.110773646609951,
  // f 86//169 81//169 111//169
  -0.29701898437885, 0.0133114927783373, 0.247885369702707,
  -0.376815861764495, -0.116512810684133, 0.172412199191678,
  -0.364823032128498, 0.11936275974999, 0.110773646609951,
  // f 79//170 111//170 81//170
  -0.432873066340409, -0.0293657447088681, 0.059412238775706,
  -0.364823032128498, 0.11936275974999, 0.110773646609951,
  -0.376815861764495, -0.116512810684133, 0.172412199191678,
  // f 112//171 80//171 82//171
  -0.364823032128498, 0.11936275974999, 0.110773646609951,
  -0.432873066340409, -0.0293657447088681, 0.059412238775706,
  -0.376815861764495, -0.116512810684133, 0.172412199191678,
  // f 82//172 87//172 112//172
  -0.376815861764495, -0.116512810684133, 0.172412199191678,
  -0.29701898437885, 0.0133114927783373, 0.247885369702707,
  -0.364823032128498, 0.11936275974999, 0.110773646609951,
  // f 85//173 86//173 113//173
  -0.191406534636429, -0.115347909276638, 0.331167903532914,
  -0.29701898437885, 0.0133114927783373, 0.247885369702707,
  -0.0524281418610799, 0.0169871525592685, 0.369880517831796,
  // f 114//174 113//174 86//174
  -0.159428860028453, 0.149746328985283, 0.284915662794163,
  -0.0524281418610799, 0.0169871525592685, 0.369880517831796,
  -0.29701898437885, 0.0133114927783373, 0.247885369702707,
  // f 116//175 115//175 87//175
  -0.0524281418610799, 0.0169871525592685, 0.369880517831796,
  -0.159428860028453, 0.149746328985283, 0.284915662794163,
  -0.29701898437885, 0.0133114927783373, 0.247885369702707,
  // f 87//176 88//176 116//176
  -0.29701898437885, 0.0133114927783373, 0.247885369702707,
  -0.191406534636429, -0.115347909276638, 0.331167903532914,
  -0.0524281418610799, 0.0169871525592685, 0.369880517831796,
  // f 59//177 85//177 89//177
  -0.189690849747915, -0.326890611961001, 0.251476206565617,
  -0.191406534636429, -0.115347909276638, 0.331167903532914,
  -0.068909800318773, -0.241140296702489, 0.344126583462116,
  // f 88//178 60//178 90//178
  -0.191406534636429, -0.115347909276638, 0.331167903532914,
  -0.189690849747915, -0.326890611961001, 0.251476206565617,
  -0.068909800318773, -0.241140296702489, 0.344126583462116,
  // f 61//179 89//179 91//179
  -0.095686133593673, -0.408445020208051, 0.201880246398459,
  -0.068909800318773, -0.241140296702489, 0.344126583462116,
  0.046213560478336, -0.339150351045705, 0.28419297153262,
  // f 90//180 62//180 92//180
  -0.068909800318773, -0.241140296702489, 0.344126583462116,
  -0.095686133593673, -0.408445020208051, 0.201880246398459,
  0.046213560478336, -0.339150351045705, 0.28419297153262,
  // f 91//181 93//181 63//181
  0.046213560478336, -0.339150351045705, 0.28419297153262,
  0.131159188987884, -0.389964933801772, 0.163240014322955,
  -0.026630665060148, -0.451218390335681, 0.101996736539208,
  // f 94//182 92//182 64//182
  0.131159188987884, -0.389964933801772, 0.163240014322955,
  0.046213560478336, -0.339150351045705, 0.28419297153262,
  -0.026630665060148, -0.451218390335681, 0.101996736539208,
  // f 93//183 95//183 65//183
  0.131159188987884, -0.389964933801772, 0.163240014322955,
  0.169105569593972, -0.383518392032139, 0.00522340034074537,
  0.00380153598147731, -0.446728430541745, -0.0283947495017667,
  // f 96//184 94//184 66//184
  0.169105569593972, -0.383518392032139, 0.00522340034074537,
  0.131159188987884, -0.389964933801772, 0.163240014322955,
  0.00380153598147731, -0.446728430541745, -0.0283947495017667,
  // f 83//185 95//185 97//185
  -0.0104221363984841, -0.395874263757268, -0.163465633186927,
