/*
created with obj2opengl.pl

source file    : .\head.obj
vertices       : 290
faces          : 508
normals        : 490
texture coords : 0


// include generated arrays
#import ".\head.h"

// set input data to arrays
glVertexPointer(3, GL_FLOAT, 0, headVerts);
glNormalPointer(GL_FLOAT, 0, headNormals);

// draw data
glDrawArrays(GL_TRIANGLES, 0, headNumVerts);
*/

unsigned int headNumVerts = 1524;

float headVerts [] = {
  // f 3//1 1//1 2//1
  -0.147238217770725, 0.502568237861295, 0.0127401653968017,
  0.00289752770024378, 0.536238634810158, 0.00361837084669386,
  -0.132246247077696, 0.502106301794651, 0.0694107630783393,
  // f 6//2 4//2 5//2
  0.00289752770024378, 0.536238634810158, 0.00361837084669386,
  -0.147238217770725, 0.502568237861295, 0.0127401653968017,
  -0.132246247077696, 0.502106301794651, 0.0694107630783393,
  // f 7//3 1//3 3//3
  -0.139401363251731, 0.502919520041252, -0.0453543796927752,
  0.00289752770024378, 0.536238634810158, 0.00361837084669386,
  -0.147238217770725, 0.502568237861295, 0.0127401653968017,
  // f 6//4 8//4 4//4
  0.00289752770024378, 0.536238634810158, 0.00361837084669386,
  -0.139401363251731, 0.502919520041252, -0.0453543796927752,
  -0.147238217770725, 0.502568237861295, 0.0127401653968017,
  // f 2//5 1//5 9//5
  -0.132246247077696, 0.502106301794651, 0.0694107630783393,
  0.00289752770024378, 0.536238634810158, 0.00361837084669386,
  -0.096708283510676, 0.501599451792142, 0.116029672096255,
  // f 6//6 5//6 10//6
  0.00289752770024378, 0.536238634810158, 0.00361837084669386,
  -0.132246247077696, 0.502106301794651, 0.0694107630783393,
  -0.096708283510676, 0.501599451792142, 0.116029672096255,
  // f 12//7 3//7 11//7
  -0.278548249386121, 0.427241043602249, 0.0203933495188472,
  -0.147238217770725, 0.502568237861295, 0.0127401653968017,
  -0.2504692610788, 0.42637287478607, 0.126535016603707,
  // f 2//8 11//8 3//8
  -0.132246247077696, 0.502106301794651, 0.0694107630783393,
  -0.2504692610788, 0.42637287478607, 0.126535016603707,
  -0.147238217770725, 0.502568237861295, 0.0127401653968017,
  // f 13//9 5//9 4//9
  -0.2504692610788, 0.42637287478607, 0.126535016603707,
  -0.132246247077696, 0.502106301794651, 0.0694107630783393,
  -0.147238217770725, 0.502568237861295, 0.0127401653968017,
  // f 4//10 14//10 13//10
  -0.147238217770725, 0.502568237861295, 0.0127401653968017,
  -0.278548249386121, 0.427241043602249, 0.0203933495188472,
  -0.2504692610788, 0.42637287478607, 0.126535016603707,
  // f 15//11 1//11 7//11
  -0.10992954110088, 0.503102688606514, -0.0960288414782923,
  0.00289752770024378, 0.536238634810158, 0.00361837084669386,
  -0.139401363251731, 0.502919520041252, -0.0453543796927752,
  // f 6//12 16//12 8//12
  0.00289752770024378, 0.536238634810158, 0.00361837084669386,
  -0.10992954110088, 0.503102688606514, -0.0960288414782923,
  -0.139401363251731, 0.502919520041252, -0.0453543796927752,
  // f 12//13 17//13 3//13
  -0.278548249386121, 0.427241043602249, 0.0203933495188472,
  -0.263870676244153, 0.427895683036182, -0.0884155529752562,
  -0.147238217770725, 0.502568237861295, 0.0127401653968017,
  // f 7//14 3//14 17//14
  -0.139401363251731, 0.502919520041252, -0.0453543796927752,
  -0.147238217770725, 0.502568237861295, 0.0127401653968017,
  -0.263870676244153, 0.427895683036182, -0.0884155529752562,
  // f 4//15 8//15 18//15
  -0.147238217770725, 0.502568237861295, 0.0127401653968017,
  -0.139401363251731, 0.502919520041252, -0.0453543796927752,
  -0.263870676244153, 0.427895683036182, -0.0884155529752562,
  // f 18//16 14//16 4//16
  -0.263870676244153, 0.427895683036182, -0.0884155529752562,
  -0.278548249386121, 0.427241043602249, 0.0203933495188472,
  -0.147238217770725, 0.502568237861295, 0.0127401653968017,
  // f 9//17 1//17 19//17
  -0.096708283510676, 0.501599451792142, 0.116029672096255,
  0.00289752770024378, 0.536238634810158, 0.00361837084669386,
  -0.0460345744726874, 0.501128231839314, 0.145499737836205,
  // f 6//18 10//18 20//18
  0.00289752770024378, 0.536238634810158, 0.00361837084669386,
  -0.096708283510676, 0.501599451792142, 0.116029672096255,
  -0.0460345744726874, 0.501128231839314, 0.145499737836205,
  // f 11//19 2//19 21//19
  -0.2504692610788, 0.42637287478607, 0.126535016603707,
  -0.132246247077696, 0.502106301794651, 0.0694107630783393,
  -0.183908313620577, 0.425424412900186, 0.213850217085465,
  // f 9//20 21//20 2//20
  -0.096708283510676, 0.501599451792142, 0.116029672096255,
  -0.183908313620577, 0.425424412900186, 0.213850217085465,
  -0.132246247077696, 0.502106301794651, 0.0694107630783393,
  // f 22//21 10//21 5//21
  -0.183908313620577, 0.425424412900186, 0.213850217085465,
  -0.096708283510676, 0.501599451792142, 0.116029672096255,
  -0.132246247077696, 0.502106301794651, 0.0694107630783393,
  // f 5//22 13//22 22//22
  -0.132246247077696, 0.502106301794651, 0.0694107630783393,
  -0.2504692610788, 0.42637287478607, 0.126535016603707,
  -0.183908313620577, 0.425424412900186, 0.213850217085465,
  // f 24//23 23//23 11//23
  -0.321937118759333, 0.296092350873791, 0.160273913577662,
  -0.357877049506561, 0.297203406225825, 0.0244177887219385,
  -0.2504692610788, 0.42637287478607, 0.126535016603707,
  // f 12//24 11//24 23//24
  -0.278548249386121, 0.427241043602249, 0.0203933495188472,
  -0.2504692610788, 0.42637287478607, 0.126535016603707,
  -0.357877049506561, 0.297203406225825, 0.0244177887219385,
  // f 13//25 14//25 25//25
  -0.2504692610788, 0.42637287478607, 0.126535016603707,
  -0.278548249386121, 0.427241043602249, 0.0203933495188472,
  -0.357877049506561, 0.297203406225825, 0.0244177887219385,
  // f 25//26 26//26 13//26
  -0.357877049506561, 0.297203406225825, 0.0244177887219385,
  -0.321937118759333, 0.296092350873791, 0.160273913577662,
  -0.2504692610788, 0.42637287478607, 0.126535016603707,
  // f 27//27 1//27 15//27
  -0.0633088756720651, 0.503090393730216, -0.131568059624526,
  0.00289752770024378, 0.536238634810158, 0.00361837084669386,
  -0.10992954110088, 0.503102688606514, -0.0960288414782923,
  // f 6//28 28//28 16//28
  0.00289752770024378, 0.536238634810158, 0.00361837084669386,
  -0.0633088756720651, 0.503090393730216, -0.131568059624526,
  -0.10992954110088, 0.503102688606514, -0.0960288414782923,
  // f 17//29 29//29 7//29
  -0.263870676244153, 0.427895683036182, -0.0884155529752562,
  -0.208670696317421, 0.428236928582427, -0.183326477851053,
  -0.139401363251731, 0.502919520041252, -0.0453543796927752,
  // f 15//30 7//30 29//30
  -0.10992954110088, 0.503102688606514, -0.0960288414782923,
  -0.139401363251731, 0.502919520041252, -0.0453543796927752,
  -0.208670696317421, 0.428236928582427, -0.183326477851053,
  // f 8//31 16//31 30//31
  -0.139401363251731, 0.502919520041252, -0.0453543796927752,
  -0.10992954110088, 0.503102688606514, -0.0960288414782923,
  -0.208670696317421, 0.428236928582427, -0.183326477851053,
  // f 30//32 18//32 8//32
  -0.208670696317421, 0.428236928582427, -0.183326477851053,
  -0.263870676244153, 0.427895683036182, -0.0884155529752562,
  -0.139401363251731, 0.502919520041252, -0.0453543796927752,
  // f 23//33 31//33 12//33
  -0.357877049506561, 0.297203406225825, 0.0244177887219385,
  -0.339090227606626, 0.298041465140865, -0.114852046175437,
  -0.278548249386121, 0.427241043602249, 0.0203933495188472,
  // f 17//34 12//34 31//34
  -0.263870676244153, 0.427895683036182, -0.0884155529752562,
  -0.278548249386121, 0.427241043602249, 0.0203933495188472,
  -0.339090227606626, 0.298041465140865, -0.114852046175437,
  // f 14//35 18//35 32//35
  -0.278548249386121, 0.427241043602249, 0.0203933495188472,
  -0.263870676244153, 0.427895683036182, -0.0884155529752562,
  -0.339090227606626, 0.298041465140865, -0.114852046175437,
  // f 32//36 25//36 14//36
  -0.339090227606626, 0.298041465140865, -0.114852046175437,
  -0.357877049506561, 0.297203406225825, 0.0244177887219385,
  -0.278548249386121, 0.427241043602249, 0.0203933495188472,
  // f 1//37 33//37 19//37
  0.00289752770024378, 0.536238634810158, 0.00361837084669386,
  0.0120602215327324, 0.500759134634517, 0.153334334112614,
  -0.0460345744726874, 0.501128231839314, 0.145499737836205,
  // f 34//38 6//38 20//38
  0.0120602215327324, 0.500759134634517, 0.153334334112614,
  0.00289752770024378, 0.536238634810158, 0.00361837084669386,
  -0.0460345744726874, 0.501128231839314, 0.145499737836205,
  // f 21//39 9//39 35//39
  -0.183908313620577, 0.425424412900186, 0.213850217085465,
  -0.096708283510676, 0.501599451792142, 0.116029672096255,
  -0.0889986433239946, 0.424538429059167, 0.269046182358713,
  // f 19//40 35//40 9//40
  -0.0460345744726874, 0.501128231839314, 0.145499737836205,
  -0.0889986433239946, 0.424538429059167, 0.269046182358713,
  -0.096708283510676, 0.501599451792142, 0.116029672096255,
  // f 36//41 20//41 10//41
  -0.0889986433239946, 0.424538429059167, 0.269046182358713,
  -0.0460345744726874, 0.501128231839314, 0.145499737836205,
  -0.096708283510676, 0.501599451792142, 0.116029672096255,
  // f 10//42 22//42 36//42
  -0.096708283510676, 0.501599451792142, 0.116029672096255,
  -0.183908313620577, 0.425424412900186, 0.213850217085465,
  -0.0889986433239946, 0.424538429059167, 0.269046182358713,
  // f 37//43 24//43 21//43
  -0.2367424080653, 0.294877667278668, 0.27203333546756,
  -0.321937118759333, 0.296092350873791, 0.160273913577662,
  -0.183908313620577, 0.425424412900186, 0.213850217085465,
  // f 11//44 21//44 24//44
  -0.2504692610788, 0.42637287478607, 0.126535016603707,
  -0.183908313620577, 0.425424412900186, 0.213850217085465,
  -0.321937118759333, 0.296092350873791, 0.160273913577662,
  // f 22//45 13//45 26//45
  -0.183908313620577, 0.425424412900186, 0.213850217085465,
  -0.2504692610788, 0.42637287478607, 0.126535016603707,
  -0.321937118759333, 0.296092350873791, 0.160273913577662,
  // f 26//46 38//46 22//46
  -0.321937118759333, 0.296092350873791, 0.160273913577662,
  -0.2367424080653, 0.294877667278668, 0.27203333546756,
  -0.183908313620577, 0.425424412900186, 0.213850217085465,
  // f 40//47 39//47 24//47
  -0.343588646836816, 0.143979639477193, 0.169437360157679,
  -0.381842272570745, 0.145161202181062, 0.0248348108527158,
  -0.321937118759333, 0.296092350873791, 0.160273913577662,
  // f 23//48 24//48 39//48
  -0.357877049506561, 0.297203406225825, 0.0244177887219385,
  -0.321937118759333, 0.296092350873791, 0.160273913577662,
  -0.381842272570745, 0.145161202181062, 0.0248348108527158,
  // f 26//49 25//49 41//49
  -0.321937118759333, 0.296092350873791, 0.160273913577662,
  -0.357877049506561, 0.297203406225825, 0.0244177887219385,
  -0.381842272570745, 0.145161202181062, 0.0248348108527158,
  // f 41//50 42//50 26//50
  -0.381842272570745, 0.145161202181062, 0.0248348108527158,
  -0.343588646836816, 0.143979639477193, 0.169437360157679,
  -0.321937118759333, 0.296092350873791, 0.160273913577662,
  // f 43//51 1//51 27//51
  -0.00663727432715623, 0.502884642739099, -0.146561786728455,
  0.00289752770024378, 0.536238634810158, 0.00361837084669386,
  -0.0633088756720651, 0.503090393730216, -0.131568059624526,
  // f 6//52 44//52 28//52
  0.00289752770024378, 0.536238634810158, 0.00361837084669386,
  -0.00663727432715623, 0.502884642739099, -0.146561786728455,
  -0.0633088756720651, 0.503090393730216, -0.131568059624526,
  // f 29//53 45//53 15//53
  -0.208670696317421, 0.428236928582427, -0.183326477851053,
  -0.121352484845548, 0.428214346156572, -0.249890185383546,
  -0.10992954110088, 0.503102688606514, -0.0960288414782923,
  // f 27//54 15//54 45//54
  -0.0633088756720651, 0.503090393730216, -0.131568059624526,
  -0.10992954110088, 0.503102688606514, -0.0960288414782923,
  -0.121352484845548, 0.428214346156572, -0.249890185383546,
  // f 16//55 28//55 46//55
  -0.10992954110088, 0.503102688606514, -0.0960288414782923,
  -0.0633088756720651, 0.503090393730216, -0.131568059624526,
  -0.121352484845548, 0.428214346156572, -0.249890185383546,
  // f 46//56 30//56 16//56
  -0.121352484845548, 0.428214346156572, -0.249890185383546,
  -0.208670696317421, 0.428236928582427, -0.183326477851053,
  -0.10992954110088, 0.503102688606514, -0.0960288414782923,
  // f 17//57 31//57 29//57
  -0.263870676244153, 0.427895683036182, -0.0884155529752562,
  -0.339090227606626, 0.298041465140865, -0.114852046175437,
  -0.208670696317421, 0.428236928582427, -0.183326477851053,
  // f 47//58 29//58 31//58
  -0.268437093667749, 0.298480818781654, -0.236333453311483,
  -0.208670696317421, 0.428236928582427, -0.183326477851053,
  -0.339090227606626, 0.298041465140865, -0.114852046175437,
  // f 30//59 48//59 32//59
  -0.208670696317421, 0.428236928582427, -0.183326477851053,
  -0.268437093667749, 0.298480818781654, -0.236333453311483,
  -0.339090227606626, 0.298041465140865, -0.114852046175437,
  // f 32//60 18//60 30//60
  -0.339090227606626, 0.298041465140865, -0.114852046175437,
  -0.263870676244153, 0.427895683036182, -0.0884155529752562,
  -0.208670696317421, 0.428236928582427, -0.183326477851053,
  // f 39//61 49//61 23//61
  -0.381842272570745, 0.145161202181062, 0.0248348108527158,
  -0.361846036308388, 0.14605421166568, -0.123401250772215,
  -0.357877049506561, 0.297203406225825, 0.0244177887219385,
  // f 31//62 23//62 49//62
  -0.339090227606626, 0.298041465140865, -0.114852046175437,
  -0.357877049506561, 0.297203406225825, 0.0244177887219385,
  -0.361846036308388, 0.14605421166568, -0.123401250772215,
  // f 25//63 32//63 50//63
  -0.357877049506561, 0.297203406225825, 0.0244177887219385,
  -0.339090227606626, 0.298041465140865, -0.114852046175437,
  -0.361846036308388, 0.14605421166568, -0.123401250772215,
  // f 50//64 41//64 25//64
  -0.361846036308388, 0.14605421166568, -0.123401250772215,
  -0.381842272570745, 0.145161202181062, 0.0248348108527158,
  -0.357877049506561, 0.297203406225825, 0.0244177887219385,
  // f 1//65 51//65 33//65
  0.00289752770024378, 0.536238634810158, 0.00361837084669386,
  0.0687318228776412, 0.500555641885985, 0.138340356092842,
  0.0120602215327324, 0.500759134634517, 0.153334334112614,
  // f 52//66 6//66 34//66
  0.0687318228776412, 0.500555641885985, 0.138340356092842,
  0.00289752770024378, 0.536238634810158, 0.00361837084669386,
  0.0120602215327324, 0.500759134634517, 0.153334334112614,
  // f 35//67 19//67 53//67
  -0.0889986433239946, 0.424538429059167, 0.269046182358713,
  -0.0460345744726874, 0.501128231839314, 0.145499737836205,
  0.0198105100859516, 0.42385066873398, 0.283719740847196,
  // f 33//68 53//68 19//68
  0.0120602215327324, 0.500759134634517, 0.153334334112614,
  0.0198105100859516, 0.42385066873398, 0.283719740847196,
  -0.0460345744726874, 0.501128231839314, 0.145499737836205,
  // f 54//69 34//69 20//69
  0.0198105100859516, 0.42385066873398, 0.283719740847196,
  0.0120602215327324, 0.500759134634517, 0.153334334112614,
  -0.0460345744726874, 0.501128231839314, 0.145499737836205,
  // f 20//70 36//70 54//70
  -0.0460345744726874, 0.501128231839314, 0.145499737836205,
  -0.0889986433239946, 0.424538429059167, 0.269046182358713,
  0.0198105100859516, 0.42385066873398, 0.283719740847196,
  // f 55//71 37//71 35//71
  -0.115262506424311, 0.293746287743364, 0.34268145108958,
  -0.2367424080653, 0.294877667278668, 0.27203333546756,
  -0.0889986433239946, 0.424538429059167, 0.269046182358713,
  // f 21//72 35//72 37//72
  -0.183908313620577, 0.425424412900186, 0.213850217085465,
  -0.0889986433239946, 0.424538429059167, 0.269046182358713,
  -0.2367424080653, 0.294877667278668, 0.27203333546756,
  // f 36//73 22//73 38//73
  -0.0889986433239946, 0.424538429059167, 0.269046182358713,
  -0.183908313620577, 0.425424412900186, 0.213850217085465,
  -0.2367424080653, 0.294877667278668, 0.27203333546756,
  // f 38//74 56//74 36//74
  -0.2367424080653, 0.294877667278668, 0.27203333546756,
  -0.115262506424311, 0.293746287743364, 0.34268145108958,
  -0.0889986433239946, 0.424538429059167, 0.269046182358713,
  // f 57//75 40//75 37//75
  -0.2529089158186, 0.142687422886637, 0.288391793840622,
  -0.343588646836816, 0.143979639477193, 0.169437360157679,
  -0.2367424080653, 0.294877667278668, 0.27203333546756,
  // f 24//76 37//76 40//76
  -0.321937118759333, 0.296092350873791, 0.160273913577662,
  -0.2367424080653, 0.294877667278668, 0.27203333546756,
  -0.343588646836816, 0.143979639477193, 0.169437360157679,
  // f 38//77 26//77 42//77
  -0.2367424080653, 0.294877667278668, 0.27203333546756,
  -0.321937118759333, 0.296092350873791, 0.160273913577662,
  -0.343588646836816, 0.143979639477193, 0.169437360157679,
  // f 42//78 58//78 38//78
  -0.343588646836816, 0.143979639477193, 0.169437360157679,
  -0.2529089158186, 0.142687422886637, 0.288391793840622,
  -0.2367424080653, 0.294877667278668, 0.27203333546756,
  // f 40//79 59//79 39//79
  -0.343588646836816, 0.143979639477193, 0.169437360157679,
  -0.322829375496424, -0.00751080062919559, 0.157859350422144,
  -0.381842272570745, 0.145161202181062, 0.0248348108527158,
  // f 60//80 39//80 59//80
  -0.358686253099676, -0.00640200351974556, 0.0223173722016394,
  -0.381842272570745, 0.145161202181062, 0.0248348108527158,
  -0.322829375496424, -0.00751080062919559, 0.157859350422144,
  // f 41//81 61//81 62//81
  -0.381842272570745, 0.145161202181062, 0.0248348108527158,
  -0.358686253099676, -0.00640200351974556, 0.0223173722016394,
  -0.322829375496424, -0.00751080062919559, 0.157859350422144,
  // f 62//82 42//82 41//82
  -0.322829375496424, -0.00751080062919559, 0.157859350422144,
  -0.343588646836816, 0.143979639477193, 0.169437360157679,
  -0.381842272570745, 0.145161202181062, 0.0248348108527158,
  // f 63//83 1//83 43//83
  0.0514575216782635, 0.50251805469273, -0.138727441367889,
  0.00289752770024378, 0.536238634810158, 0.00361837084669386,
  -0.00663727432715623, 0.502884642739099, -0.146561786728455,
  // f 64//84 44//84 6//84
  0.0514575216782635, 0.50251805469273, -0.138727441367889,
  -0.00663727432715623, 0.502884642739099, -0.146561786728455,
  0.00289752770024378, 0.536238634810158, 0.00361837084669386,
  // f 45//85 65//85 27//85
  -0.121352484845548, 0.428214346156572, -0.249890185383546,
  -0.015208810433946, 0.427830695832891, -0.27797293742851,
  -0.0633088756720651, 0.503090393730216, -0.131568059624526,
  // f 43//86 27//86 65//86
  -0.00663727432715623, 0.502884642739099, -0.146561786728455,
  -0.0633088756720651, 0.503090393730216, -0.131568059624526,
  -0.015208810433946, 0.427830695832891, -0.27797293742851,
  // f 28//87 44//87 66//87
  -0.0633088756720651, 0.503090393730216, -0.131568059624526,
  -0.00663727432715623, 0.502884642739099, -0.146561786728455,
  -0.015208810433946, 0.427830695832891, -0.27797293742851,
  // f 66//88 46//88 28//88
  -0.015208810433946, 0.427830695832891, -0.27797293742851,
  -0.121352484845548, 0.428214346156572, -0.249890185383546,
  -0.0633088756720651, 0.503090393730216, -0.131568059624526,
  // f 67//89 45//89 47//89
  -0.156673908040209, 0.298450708880515, -0.321531676827316,
  -0.121352484845548, 0.428214346156572, -0.249890185383546,
  -0.268437093667749, 0.298480818781654, -0.236333453311483,
  // f 29//90 47//90 45//90
  -0.208670696317421, 0.428236928582427, -0.183326477851053,
  -0.268437093667749, 0.298480818781654, -0.236333453311483,
  -0.121352484845548, 0.428214346156572, -0.249890185383546,
  // f 48//91 30//91 46//91
  -0.268437093667749, 0.298480818781654, -0.236333453311483,
  -0.208670696317421, 0.428236928582427, -0.183326477851053,
  -0.121352484845548, 0.428214346156572, -0.249890185383546,
  // f 46//92 68//92 48//92
  -0.121352484845548, 0.428214346156572, -0.249890185383546,
  -0.156673908040209, 0.298450708880515, -0.321531676827316,
  -0.268437093667749, 0.298480818781654, -0.236333453311483,
  // f 31//93 49//93 47//93
  -0.339090227606626, 0.298041465140865, -0.114852046175437,
  -0.361846036308388, 0.14605421166568, -0.123401250772215,
  -0.268437093667749, 0.298480818781654, -0.236333453311483,
  // f 69//94 47//94 49//94
  -0.286644299970755, 0.146518405974909, -0.252703704729158,
  -0.268437093667749, 0.298480818781654, -0.236333453311483,
  -0.361846036308388, 0.14605421166568, -0.123401250772215,
  // f 48//95 70//95 50//95
  -0.268437093667749, 0.298480818781654, -0.236333453311483,
  -0.286644299970755, 0.146518405974909, -0.252703704729158,
  -0.361846036308388, 0.14605421166568, -0.123401250772215,
  // f 50//96 32//96 48//96
  -0.361846036308388, 0.14605421166568, -0.123401250772215,
  -0.339090227606626, 0.298041465140865, -0.114852046175437,
  -0.268437093667749, 0.298480818781654, -0.236333453311483,
  // f 39//97 60//97 49//97
  -0.381842272570745, 0.145161202181062, 0.0248348108527158,
  -0.358686253099676, -0.00640200351974556, 0.0223173722016394,
  -0.361846036308388, 0.14605421166568, -0.123401250772215,
  // f 71//98 49//98 60//98
  -0.33994283964055, -0.00556645376313436, -0.11663053766939,
  -0.361846036308388, 0.14605421166568, -0.123401250772215,
  -0.358686253099676, -0.00640200351974556, 0.0223173722016394,
  // f 50//99 72//99 61//99
  -0.361846036308388, 0.14605421166568, -0.123401250772215,
  -0.33994283964055, -0.00556645376313436, -0.11663053766939,
  -0.358686253099676, -0.00640200351974556, 0.0223173722016394,
  // f 61//100 41//100 50//100
  -0.358686253099676, -0.00640200351974556, 0.0223173722016394,
  -0.381842272570745, 0.145161202181062, 0.0248348108527158,
  -0.361846036308388, 0.14605421166568, -0.123401250772215,
  // f 1//101 73//101 51//101
  0.00289752770024378, 0.536238634810158, 0.00361837084669386,
  0.115352237390614, 0.500543347009686, 0.102801137946608,
  0.0687318228776412, 0.500555641885985, 0.138340356092842,
  // f 74//102 6//102 52//102
  0.115352237390614, 0.500543347009686, 0.102801137946608,
  0.00289752770024378, 0.536238634810158, 0.00361837084669386,
  0.0687318228776412, 0.500555641885985, 0.138340356092842,
  // f 33//103 51//103 53//103
  0.0120602215327324, 0.500759134634517, 0.153334334112614,
  0.0687318228776412, 0.500555641885985, 0.138340356092842,
  0.0198105100859516, 0.42385066873398, 0.283719740847196,
  // f 75//104 53//104 51//104
  0.125954184497554, 0.423466767494456, 0.255636988802231,
  0.0198105100859516, 0.42385066873398, 0.283719740847196,
  0.0687318228776412, 0.500555641885985, 0.138340356092842,
  // f 54//105 76//105 52//105
  0.0198105100859516, 0.42385066873398, 0.283719740847196,
  0.125954184497554, 0.423466767494456, 0.255636988802231,
  0.0687318228776412, 0.500555641885985, 0.138340356092842,
  // f 52//106 34//106 54//106
  0.0687318228776412, 0.500555641885985, 0.138340356092842,
  0.0120602215327324, 0.500759134634517, 0.153334334112614,
  0.0198105100859516, 0.42385066873398, 0.283719740847196,
  // f 77//107 55//107 53//107
  0.0240078303047502, 0.292865071303358, 0.361463003756816,
  -0.115262506424311, 0.293746287743364, 0.34268145108958,
  0.0198105100859516, 0.42385066873398, 0.283719740847196,
  // f 35//108 53//108 55//108
  -0.0889986433239946, 0.424538429059167, 0.269046182358713,
  0.0198105100859516, 0.42385066873398, 0.283719740847196,
  -0.115262506424311, 0.293746287743364, 0.34268145108958,
  // f 54//109 36//109 56//109
  0.0198105100859516, 0.42385066873398, 0.283719740847196,
  -0.0889986433239946, 0.424538429059167, 0.269046182358713,
  -0.115262506424311, 0.293746287743364, 0.34268145108958,
  // f 56//110 78//110 54//110
  -0.115262506424311, 0.293746287743364, 0.34268145108958,
  0.0240078303047502, 0.292865071303358, 0.361463003756816,
  0.0198105100859516, 0.42385066873398, 0.283719740847196,
  // f 79//111 57//111 55//111
  -0.123608218272557, 0.141480517682643, 0.363588260945555,
  -0.2529089158186, 0.142687422886637, 0.288391793840622,
  -0.115262506424311, 0.293746287743364, 0.34268145108958,
  // f 37//112 55//112 57//112
  -0.2367424080653, 0.294877667278668, 0.27203333546756,
  -0.115262506424311, 0.293746287743364, 0.34268145108958,
  -0.2529089158186, 0.142687422886637, 0.288391793840622,
  // f 56//113 38//113 58//113
  -0.115262506424311, 0.293746287743364, 0.34268145108958,
  -0.2367424080653, 0.294877667278668, 0.27203333546756,
  -0.2529089158186, 0.142687422886637, 0.288391793840622,
  // f 58//114 80//114 56//114
  -0.2529089158186, 0.142687422886637, 0.288391793840622,
  -0.123608218272557, 0.141480517682643, 0.363588260945555,
  -0.115262506424311, 0.293746287743364, 0.34268145108958,
  // f 57//115 81//115 40//115
  -0.2529089158186, 0.142687422886637, 0.288391793840622,
  -0.237831633739009, -0.00872322598173245, 0.269360078078088,
  -0.343588646836816, 0.143979639477193, 0.169437360157679,
  // f 59//116 40//116 81//116
  -0.322829375496424, -0.00751080062919559, 0.157859350422144,
  -0.343588646836816, 0.143979639477193, 0.169437360157679,
  -0.237831633739009, -0.00872322598173245, 0.269360078078088,
  // f 42//117 62//117 82//117
  -0.343588646836816, 0.143979639477193, 0.169437360157679,
  -0.322829375496424, -0.00751080062919559, 0.157859350422144,
  -0.237831633739009, -0.00872322598173245, 0.269360078078088,
  // f 82//118 58//118 42//118
  -0.237831633739009, -0.00872322598173245, 0.269360078078088,
  -0.2529089158186, 0.142687422886637, 0.288391793840622,
  -0.343588646836816, 0.143979639477193, 0.169437360157679,
  // f 59//119 83//119 60//119
  -0.322829375496424, -0.00751080062919559, 0.157859350422144,
  -0.294793293798226, -0.158351368702664, 0.142727368688818,
  -0.358686253099676, -0.00640200351974556, 0.0223173722016394,
  // f 84//119 60//119 83//119
  -0.327444972425214, -0.157343188846187, 0.0193003601074958,
  -0.358686253099676, -0.00640200351974556, 0.0223173722016394,
  -0.294793293798226, -0.158351368702664, 0.142727368688818,
  // f 61//120 85//120 86//120
  -0.358686253099676, -0.00640200351974556, 0.0223173722016394,
  -0.327444972425214, -0.157343188846187, 0.0193003601074958,
  -0.294793293798226, -0.158351368702664, 0.142727368688818,
  // f 86//120 62//120 61//120
  -0.294793293798226, -0.158351368702664, 0.142727368688818,
  -0.322829375496424, -0.00751080062919559, 0.157859350422144,
  -0.358686253099676, -0.00640200351974556, 0.0223173722016394,
  // f 87//121 1//121 63//121
  0.102131230716252, 0.502046583824058, -0.109257375627938,
  0.00289752770024378, 0.536238634810158, 0.00361837084669386,
  0.0514575216782635, 0.50251805469273, -0.138727441367889,
  // f 88//122 64//122 6//122
  0.102131230716252, 0.502046583824058, -0.109257375627938,
  0.0514575216782635, 0.50251805469273, -0.138727441367889,
  0.00289752770024378, 0.536238634810158, 0.00361837084669386,
  // f 65//123 89//123 43//123
  -0.015208810433946, 0.427830695832891, -0.27797293742851,
  0.0936003429760002, 0.427142935507703, -0.263299378940028,
  -0.00663727432715623, 0.502884642739099, -0.146561786728455,
  // f 63//124 43//124 89//124
  0.0514575216782635, 0.50251805469273, -0.138727441367889,
  -0.00663727432715623, 0.502884642739099, -0.146561786728455,
  0.0936003429760002, 0.427142935507703, -0.263299378940028,
  // f 44//125 64//125 90//125
  -0.00663727432715623, 0.502884642739099, -0.146561786728455,
  0.0514575216782635, 0.50251805469273, -0.138727441367889,
  0.0936003429760002, 0.427142935507703, -0.263299378940028,
  // f 90//126 66//126 44//126
  0.0936003429760002, 0.427142935507703, -0.263299378940028,
  -0.015208810433946, 0.427830695832891, -0.27797293742851,
  -0.00663727432715623, 0.502884642739099, -0.146561786728455,
  // f 91//127 65//127 67//127
  -0.0208155249419, 0.297958662912733, -0.357476124059714,
  -0.015208810433946, 0.427830695832891, -0.27797293742851,
  -0.156673908040209, 0.298450708880515, -0.321531676827316,
  // f 45//128 67//128 65//128
  -0.121352484845548, 0.428214346156572, -0.249890185383546,
  -0.156673908040209, 0.298450708880515, -0.321531676827316,
  -0.015208810433946, 0.427830695832891, -0.27797293742851,
  // f 68//129 46//129 66//129
  -0.156673908040209, 0.298450708880515, -0.321531676827316,
  -0.121352484845548, 0.428214346156572, -0.249890185383546,
  -0.015208810433946, 0.427830695832891, -0.27797293742851,
  // f 66//130 92//130 68//130
  -0.015208810433946, 0.427830695832891, -0.27797293742851,
  -0.0208155249419, 0.297958662912733, -0.357476124059714,
  -0.156673908040209, 0.298450708880515, -0.321531676827316,
  // f 93//131 67//131 69//131
  -0.167685600718484, 0.14648829607377, -0.343387199485017,
  -0.156673908040209, 0.298450708880515, -0.321531676827316,
  -0.286644299970755, 0.146518405974909, -0.252703704729158,
  // f 47//132 69//132 67//132
  -0.268437093667749, 0.298480818781654, -0.236333453311483,
  -0.286644299970755, 0.146518405974909, -0.252703704729158,
  -0.156673908040209, 0.298450708880515, -0.321531676827316,
  // f 70//133 48//133 68//133
  -0.286644299970755, 0.146518405974909, -0.252703704729158,
  -0.268437093667749, 0.298480818781654, -0.236333453311483,
  -0.156673908040209, 0.298450708880515, -0.321531676827316,
  // f 68//134 94//134 70//134
  -0.156673908040209, 0.298450708880515, -0.321531676827316,
  -0.167685600718484, 0.14648829607377, -0.343387199485017,
  -0.286644299970755, 0.146518405974909, -0.252703704729158,
  // f 71//135 95//135 49//135
  -0.33994283964055, -0.00556645376313436, -0.11663053766939,
  -0.269453051915353, -0.00512760195403108, -0.237830919061471,
  -0.361846036308388, 0.14605421166568, -0.123401250772215,
  // f 69//136 49//136 95//136
  -0.286644299970755, 0.146518405974909, -0.252703704729158,
  -0.361846036308388, 0.14605421166568, -0.123401250772215,
  -0.269453051915353, -0.00512760195403108, -0.237830919061471,
  // f 50//137 70//137 96//137
  -0.361846036308388, 0.14605421166568, -0.123401250772215,
  -0.286644299970755, 0.146518405974909, -0.252703704729158,
  -0.269453051915353, -0.00512760195403108, -0.237830919061471,
  // f 96//138 72//138 50//138
  -0.269453051915353, -0.00512760195403108, -0.237830919061471,
  -0.33994283964055, -0.00556645376313436, -0.11663053766939,
  -0.361846036308388, 0.14605421166568, -0.123401250772215,
  // f 60//139 84//139 71//139
  -0.358686253099676, -0.00640200351974556, 0.0223173722016394,
  -0.327444972425214, -0.157343188846187, 0.0193003601074958,
  -0.33994283964055, -0.00556645376313436, -0.11663053766939,
  // f 97//140 71//140 84//140
  -0.310377174964482, -0.15658266292658, -0.107228219207002,
  -0.33994283964055, -0.00556645376313436, -0.11663053766939,
  -0.327444972425214, -0.157343188846187, 0.0193003601074958,
  // f 72//141 98//141 85//141
  -0.33994283964055, -0.00556645376313436, -0.11663053766939,
  -0.310377174964482, -0.15658266292658, -0.107228219207002,
  -0.327444972425214, -0.157343188846187, 0.0193003601074958,
  // f 85//142 61//142 72//142
  -0.327444972425214, -0.157343188846187, 0.0193003601074958,
  -0.358686253099676, -0.00640200351974556, 0.0223173722016394,
  -0.33994283964055, -0.00556645376313436, -0.11663053766939,
  // f 1//143 99//143 73//143
  0.00289752770024378, 0.536238634810158, 0.00361837084669386,
  0.144824310457307, 0.500726515574949, 0.0521266761610914,
  0.115352237390614, 0.500543347009686, 0.102801137946608,
  // f 100//144 6//144 74//144
  0.144824310457307, 0.500726515574949, 0.0521266761610914,
  0.00289752770024378, 0.536238634810158, 0.00361837084669386,
  0.115352237390614, 0.500543347009686, 0.102801137946608,
  // f 51//145 73//145 75//145
  0.0687318228776412, 0.500555641885985, 0.138340356092842,
  0.115352237390614, 0.500543347009686, 0.102801137946608,
  0.125954184497554, 0.423466767494456, 0.255636988802231,
  // f 101//146 75//146 73//146
  0.213272646885269, 0.423444435984444, 0.189073532185581,
  0.125954184497554, 0.423466767494456, 0.255636988802231,
  0.115352237390614, 0.500543347009686, 0.102801137946608,
  // f 76//147 102//147 74//147
  0.125954184497554, 0.423466767494456, 0.255636988802231,
  0.213272646885269, 0.423444435984444, 0.189073532185581,
  0.115352237390614, 0.500543347009686, 0.102801137946608,
  // f 74//148 52//148 76//148
  0.115352237390614, 0.500543347009686, 0.102801137946608,
  0.0687318228776412, 0.500555641885985, 0.138340356092842,
  0.125954184497554, 0.423466767494456, 0.255636988802231,
  // f 103//149 77//149 75//149
  0.159866213403059, 0.292373527167261, 0.325518305608575,
  0.0240078303047502, 0.292865071303358, 0.361463003756816,
  0.125954184497554, 0.423466767494456, 0.255636988802231,
  // f 53//150 75//150 77//150
  0.0198105100859516, 0.42385066873398, 0.283719740847196,
  0.125954184497554, 0.423466767494456, 0.255636988802231,
  0.0240078303047502, 0.292865071303358, 0.361463003756816,
  // f 76//151 54//151 78//151
  0.125954184497554, 0.423466767494456, 0.255636988802231,
  0.0198105100859516, 0.42385066873398, 0.283719740847196,
  0.0240078303047502, 0.292865071303358, 0.361463003756816,
  // f 78//152 104//152 76//152
  0.0240078303047502, 0.292865071303358, 0.361463003756816,
  0.159866213403059, 0.292373527167261, 0.325518305608575,
  0.125954184497554, 0.423466767494456, 0.255636988802231,
  // f 105//153 79//153 77//153
  0.0246285960999025, 0.140544350673058, 0.38357897705937,
  -0.123608218272557, 0.141480517682643, 0.363588260945555,
  0.0240078303047502, 0.292865071303358, 0.361463003756816,
  // f 55//154 77//154 79//154
  -0.115262506424311, 0.293746287743364, 0.34268145108958,
  0.0240078303047502, 0.292865071303358, 0.361463003756816,
  -0.123608218272557, 0.141480517682643, 0.363588260945555,
  // f 78//155 56//155 80//155
  0.0240078303047502, 0.292865071303358, 0.361463003756816,
  -0.115262506424311, 0.293746287743364, 0.34268145108958,
  -0.123608218272557, 0.141480517682643, 0.363588260945555,
  // f 80//156 106//156 78//156
  -0.123608218272557, 0.141480517682643, 0.363588260945555,
  0.0246285960999025, 0.140544350673058, 0.38357897705937,
  0.0240078303047502, 0.292865071303358, 0.361463003756816,
  // f 107//157 81//157 79//157
  -0.116632757841985, -0.00985209635860783, 0.339844847486429,
  -0.237831633739009, -0.00872322598173245, 0.269360078078088,
  -0.123608218272557, 0.141480517682643, 0.363588260945555,
  // f 57//158 79//158 81//158
  -0.2529089158186, 0.142687422886637, 0.288391793840622,
  -0.123608218272557, 0.141480517682643, 0.363588260945555,
  -0.237831633739009, -0.00872322598173245, 0.269360078078088,
  // f 80//159 58//159 82//159
  -0.123608218272557, 0.141480517682643, 0.363588260945555,
  -0.2529089158186, 0.142687422886637, 0.288391793840622,
  -0.237831633739009, -0.00872322598173245, 0.269360078078088,
  // f 82//160 108//160 80//160
  -0.237831633739009, -0.00872322598173245, 0.269360078078088,
  -0.116632757841985, -0.00985209635860783, 0.339844847486429,
  -0.123608218272557, 0.141480517682643, 0.363588260945555,
  // f 81//161 109//161 59//161
  -0.237831633739009, -0.00872322598173245, 0.269360078078088,
  -0.217392531014063, -0.159455649326942, 0.244261969983543,
  -0.322829375496424, -0.00751080062919559, 0.157859350422144,
  // f 83//162 59//162 109//162
  -0.294793293798226, -0.158351368702664, 0.142727368688818,
  -0.322829375496424, -0.00751080062919559, 0.157859350422144,
  -0.217392531014063, -0.159455649326942, 0.244261969983543,
  // f 62//163 86//163 110//163
  -0.322829375496424, -0.00751080062919559, 0.157859350422144,
  -0.294793293798226, -0.158351368702664, 0.142727368688818,
  -0.217392531014063, -0.159455649326942, 0.244261969983543,
  // f 110//164 82//164 62//164
  -0.217392531014063, -0.159455649326942, 0.244261969983543,
  -0.237831633739009, -0.00872322598173245, 0.269360078078088,
  -0.322829375496424, -0.00751080062919559, 0.157859350422144,
  // f 83//165 111//165 84//165
  -0.294793293798226, -0.158351368702664, 0.142727368688818,
  -0.266953177373274, -0.309292554029105, 0.127690233144079,
  -0.327444972425214, -0.157343188846187, 0.0193003601074958,
  // f 112//166 84//166 111//166
  -0.296421737618168, -0.308381729519645, 0.0162961447213363,
  -0.327444972425214, -0.157343188846187, 0.0193003601074958,
  -0.266953177373274, -0.309292554029105, 0.127690233144079,
  // f 85//167 113//167 114//167
  -0.327444972425214, -0.157343188846187, 0.0193003601074958,
  -0.296421737618168, -0.308381729519645, 0.0162961447213363,
  -0.266953177373274, -0.309292554029105, 0.127690233144079,
  // f 114//168 86//168 85//168
  -0.266953177373274, -0.309292554029105, 0.127690233144079,
  -0.294793293798226, -0.158351368702664, 0.142727368688818,
  -0.327444972425214, -0.157343188846187, 0.0193003601074958,
  // f 115//169 1//169 87//169
  0.137669194283272, 0.501539231989864, -0.0626384666100231,
  0.00289752770024378, 0.536238634810158, 0.00361837084669386,
  0.102131230716252, 0.502046583824058, -0.109257375627938,
  // f 116//170 88//170 6//170
  0.137669194283272, 0.501539231989864, -0.0626384666100231,
  0.102131230716252, 0.502046583824058, -0.109257375627938,
  0.00289752770024378, 0.536238634810158, 0.00361837084669386,
  // f 63//171 89//171 87//171
  0.0514575216782635, 0.50251805469273, -0.138727441367889,
  0.0936003429760002, 0.427142935507703, -0.263299378940028,
  0.102131230716252, 0.502046583824058, -0.109257375627938,
  // f 117//172 87//172 89//172
  0.188510013272583, 0.426256951666684, -0.20810341366678,
  0.102131230716252, 0.502046583824058, -0.109257375627938,
  0.0936003429760002, 0.427142935507703, -0.263299378940028,
  // f 88//173 118//173 90//173
  0.102131230716252, 0.502046583824058, -0.109257375627938,
  0.188510013272583, 0.426256951666684, -0.20810341366678,
  0.0936003429760002, 0.427142935507703, -0.263299378940028,
  // f 90//174 64//174 88//174
  0.0936003429760002, 0.427142935507703, -0.263299378940028,
  0.0514575216782635, 0.50251805469273, -0.138727441367889,
  0.102131230716252, 0.502046583824058, -0.109257375627938,
  // f 119//175 89//175 91//175
  0.118455062703004, 0.29708045746284, -0.338694571392479,
  0.0936003429760002, 0.427142935507703, -0.263299378940028,
  -0.0208155249419, 0.297958662912733, -0.357476124059714,
  // f 65//176 91//176 89//176
  -0.015208810433946, 0.427830695832891, -0.27797293742851,
  -0.0208155249419, 0.297958662912733, -0.357476124059714,
  0.0936003429760002, 0.427142935507703, -0.263299378940028,
  // f 92//177 66//177 90//177
  -0.0208155249419, 0.297958662912733, -0.357476124059714,
  -0.015208810433946, 0.427830695832891, -0.27797293742851,
  0.0936003429760002, 0.427142935507703, -0.263299378940028,
  // f 90//178 120//178 92//178
  0.0936003429760002, 0.427142935507703, -0.263299378940028,
  0.118455062703004, 0.29708045746284, -0.338694571392479,
  -0.0208155249419, 0.297958662912733, -0.357476124059714,
  // f 121//179 91//179 93//179
  -0.0230805422550932, 0.145966642036534, -0.381645592619959,
  -0.0208155249419, 0.297958662912733, -0.357476124059714,
  -0.167685600718484, 0.14648829607377, -0.343387199485017,
  // f 67//180 93//180 91//180
  -0.156673908040209, 0.298450708880515, -0.321531676827316,
  -0.167685600718484, 0.14648829607377, -0.343387199485017,
  -0.0208155249419, 0.297958662912733, -0.357476124059714,
  // f 94//181 68//181 92//181
  -0.167685600718484, 0.14648829607377, -0.343387199485017,
  -0.156673908040209, 0.298450708880515, -0.321531676827316,
  -0.0208155249419, 0.297958662912733, -0.357476124059714,
  // f 92//182 122//182 94//182
  -0.0208155249419, 0.297958662912733, -0.357476124059714,
  -0.0230805422550932, 0.145966642036534, -0.381645592619959,
  -0.167685600718484, 0.14648829607377, -0.343387199485017,
  // f 123//183 93//183 95//183
  -0.157948309605924, -0.00515721002348471, -0.322832173640685,
  -0.167685600718484, 0.14648829607377, -0.343387199485017,
  -0.269453051915353, -0.00512760195403108, -0.237830919061471,
  // f 69//184 95//184 93//184
  -0.286644299970755, 0.146518405974909, -0.252703704729158,
  -0.269453051915353, -0.00512760195403108, -0.237830919061471,
  -0.167685600718484, 0.14648829607377, -0.343387199485017,
  // f 96//185 70//185 94//185
  -0.269453051915353, -0.00512760195403108, -0.237830919061471,
  -0.286644299970755, 0.146518405974909, -0.252703704729158,
  -0.167685600718484, 0.14648829607377, -0.343387199485017,
  // f 94//186 124//186 96//186
