/*
created with obj2opengl.pl

source file    : .\hip.obj
vertices       : 252
faces          : 384
normals        : 374
texture coords : 0


// include generated arrays
#import ".\hip.h"

// set input data to arrays
glVertexPointer(3, GL_FLOAT, 0, hipVerts);
glNormalPointer(GL_FLOAT, 0, hipNormals);

// draw data
glDrawArrays(GL_TRIANGLES, 0, hipNumVerts);
*/

unsigned int hipNumVerts = 1152;

float hipVerts [] = {
  // f 3//1 1//1 2//1
  -0.38629414203282, -0.441295997012687, -0.000376165130158305,
  -0.346225491003333, -0.439249679492613, 0.177923573028898,
  -0.345739344426778, -0.439369535233075, -0.178567448460651,
  // f 2//2 1//2 4//2
  -0.345739344426778, -0.439369535233075, -0.178567448460651,
  -0.346225491003333, -0.439249679492613, 0.177923573028898,
  -0.233469887674383, -0.433631076244639, 0.32101787991046,
  // f 5//3 2//3 4//3
  -0.232594063775792, -0.433850324550361, -0.321357731024944,
  -0.345739344426778, -0.439369535233075, -0.178567448460651,
  -0.233469887674383, -0.433631076244639, 0.32101787991046,
  // f 6//4 5//4 4//4
  -0.0703596721357588, -0.42555981528332, 0.400564380868282,
  -0.232594063775792, -0.433850324550361, -0.321357731024944,
  -0.233469887674383, -0.433631076244639, 0.32101787991046,
  // f 7//5 5//5 6//5
  -0.0692675232421881, -0.425831683182416, -0.400464566047025,
  -0.232594063775792, -0.433850324550361, -0.321357731024944,
  -0.0703596721357588, -0.42555981528332, 0.400564380868282,
  // f 8//6 7//6 6//6
  0.110798771598841, -0.41662910096357, 0.400808184984245,
  -0.0692675232421881, -0.425831683182416, -0.400464566047025,
  -0.0703596721357588, -0.42555981528332, 0.400564380868282,
  // f 9//6 7//6 8//6
  0.111890920492412, -0.416900968862666, -0.400220761931062,
  -0.0692675232421881, -0.425831683182416, -0.400464566047025,
  0.110798771598841, -0.41662910096357, 0.400808184984245,
  // f 10//7 9//7 8//7
  0.274125312132444, -0.408607536284882, 0.321701349962164,
  0.111890920492412, -0.416900968862666, -0.400220761931062,
  0.110798771598841, -0.41662910096357, 0.400808184984245,
  // f 11//8 9//8 10//8
  0.275001136031036, -0.408826784590604, -0.320673968642165,
  0.111890920492412, -0.416900968862666, -0.400220761931062,
  0.274125312132444, -0.408607536284882, 0.321701349962164,
  // f 12//3 11//3 10//3
  0.387270592783431, -0.403088325602169, 0.17891165206002,
  0.275001136031036, -0.408826784590604, -0.320673968642165,
  0.274125312132444, -0.408607536284882, 0.321701349962164,
  // f 13//9 11//9 12//9
  0.387756739359985, -0.403211104653373, -0.177579661760604,
  0.275001136031036, -0.408826784590604, -0.320673968642165,
  0.387270592783431, -0.403088325602169, 0.17891165206002,
  // f 14//10 13//10 12//10
  0.427825098058399, -0.401161863822556, 0.000720076398452576,
  0.387756739359985, -0.403211104653373, -0.177579661760604,
  0.387270592783431, -0.403088325602169, 0.17891165206002,
  // f 17//11 15//11 16//11
  0.387756739359985, -0.403211104653373, -0.177579661760604,
  0.427825098058399, -0.401161863822556, 0.000720076398452576,
  0.387270592783431, -0.403088325602169, 0.17891165206002,
  // f 18//12 17//12 16//12
  0.275001136031036, -0.408826784590604, -0.320673968642165,
  0.387756739359985, -0.403211104653373, -0.177579661760604,
  0.387270592783431, -0.403088325602169, 0.17891165206002,
  // f 18//13 16//13 19//13
  0.275001136031036, -0.408826784590604, -0.320673968642165,
  0.387270592783431, -0.403088325602169, 0.17891165206002,
  0.274125312132444, -0.408607536284882, 0.321701349962164,
  // f 20//14 18//14 19//14
  0.111890920492412, -0.416900968862666, -0.400220761931062,
  0.275001136031036, -0.408826784590604, -0.320673968642165,
  0.274125312132444, -0.408607536284882, 0.321701349962164,
  // f 20//15 19//15 21//15
  0.111890920492412, -0.416900968862666, -0.400220761931062,
  0.274125312132444, -0.408607536284882, 0.321701349962164,
  0.110798771598841, -0.41662910096357, 0.400808184984245,
  // f 22//16 20//16 21//16
  -0.0692675232421881, -0.425831683182416, -0.400464566047025,
  0.111890920492412, -0.416900968862666, -0.400220761931062,
  0.110798771598841, -0.41662910096357, 0.400808184984245,
  // f 22//16 21//16 23//16
  -0.0692675232421881, -0.425831683182416, -0.400464566047025,
  0.110798771598841, -0.41662910096357, 0.400808184984245,
  -0.0703596721357588, -0.42555981528332, 0.400564380868282,
  // f 24//17 22//17 23//17
  -0.232594063775792, -0.433850324550361, -0.321357731024944,
  -0.0692675232421881, -0.425831683182416, -0.400464566047025,
  -0.0703596721357588, -0.42555981528332, 0.400564380868282,
  // f 24//18 23//18 25//18
  -0.232594063775792, -0.433850324550361, -0.321357731024944,
  -0.0703596721357588, -0.42555981528332, 0.400564380868282,
  -0.233469887674383, -0.433631076244639, 0.32101787991046,
  // f 26//13 24//13 25//13
  -0.345739344426778, -0.439369535233075, -0.178567448460651,
  -0.232594063775792, -0.433850324550361, -0.321357731024944,
  -0.233469887674383, -0.433631076244639, 0.32101787991046,
  // f 26//19 25//19 27//19
  -0.345739344426778, -0.439369535233075, -0.178567448460651,
  -0.233469887674383, -0.433631076244639, 0.32101787991046,
  -0.346225491003333, -0.439249679492613, 0.177923573028898,
  // f 27//20 28//20 26//20
  -0.346225491003333, -0.439249679492613, 0.177923573028898,
  -0.38629414203282, -0.441295997012687, -0.000376165130158305,
  -0.345739344426778, -0.439369535233075, -0.178567448460651,
  // f 31//21 29//21 30//21
  0.275001136031036, -0.408826784590604, -0.320673968642165,
  0.308082782053769, -0.306060718732506, -0.348939167884794,
  0.111890920492412, -0.416900968862666, -0.400220761931062,
  // f 34//22 32//22 33//22
  0.308082782053769, -0.306060718732506, -0.348939167884794,
  0.275001136031036, -0.408826784590604, -0.320673968642165,
  0.111890920492412, -0.416900968862666, -0.400220761931062,
  // f 36//23 30//23 35//23
  -0.0692675232421881, -0.425831683182416, -0.400464566047025,
  0.111890920492412, -0.416900968862666, -0.400220761931062,
  -0.0877615563264651, -0.325611820981437, -0.435782252457051,
  // f 37//24 35//24 30//24
  0.120532811710757, -0.315342230341411, -0.435501906956801,
  -0.0877615563264651, -0.325611820981437, -0.435782252457051,
  0.111890920492412, -0.416900968862666, -0.400220761931062,
  // f 39//25 38//25 33//25
  -0.0877615563264651, -0.325611820981437, -0.435782252457051,
  0.120532811710757, -0.315342230341411, -0.435501906956801,
  0.111890920492412, -0.416900968862666, -0.400220761931062,
  // f 33//26 40//26 39//26
  0.111890920492412, -0.416900968862666, -0.400220761931062,
  -0.0692675232421881, -0.425831683182416, -0.400464566047025,
  -0.0877615563264651, -0.325611820981437, -0.435782252457051,
  // f 36//27 35//27 41//27
  -0.0692675232421881, -0.425831683182416, -0.400464566047025,
  -0.0877615563264651, -0.325611820981437, -0.435782252457051,
  -0.232594063775792, -0.433850324550361, -0.321357731024944,
  // f 39//28 40//28 42//28
  -0.0877615563264651, -0.325611820981437, -0.435782252457051,
  -0.0692675232421881, -0.425831683182416, -0.400464566047025,
  -0.232594063775792, -0.433850324550361, -0.321357731024944,
  // f 41//29 43//29 44//29
  -0.232594063775792, -0.433850324550361, -0.321357731024944,
  -0.275546560853212, -0.334834866375484, -0.349724953812502,
  -0.345739344426778, -0.439369535233075, -0.178567448460651,
  // f 46//30 42//30 45//30
  -0.275546560853212, -0.334834866375484, -0.349724953812502,
  -0.232594063775792, -0.433850324550361, -0.321357731024944,
  -0.345739344426778, -0.439369535233075, -0.178567448460651,
  // f 48//31 44//31 47//31
  -0.38629414203282, -0.441295997012687, -0.000376165130158305,
  -0.345739344426778, -0.439369535233075, -0.178567448460651,
  -0.452242863069754, -0.343403090163106, -0.000499528843511316,
  // f 45//32 49//32 50//32
  -0.345739344426778, -0.439369535233075, -0.178567448460651,
  -0.38629414203282, -0.441295997012687, -0.000376165130158305,
  -0.452242863069754, -0.343403090163106, -0.000499528843511316,
  // f 52//33 48//33 51//33
  -0.346225491003333, -0.439249679492613, 0.177923573028898,
  -0.38629414203282, -0.441295997012687, -0.000376165130158305,
  -0.406157161538027, -0.341049825015022, 0.193499849660625,
  // f 49//34 53//34 54//34
  -0.38629414203282, -0.441295997012687, -0.000376165130158305,
  -0.346225491003333, -0.439249679492613, 0.177923573028898,
  -0.406157161538027, -0.341049825015022, 0.193499849660625,
  // f 56//35 52//35 55//35
  -0.233469887674383, -0.433631076244639, 0.32101787991046,
  -0.346225491003333, -0.439249679492613, 0.177923573028898,
  -0.276499560155417, -0.334595154894561, 0.349200349459062,
  // f 53//36 57//36 58//36
  -0.346225491003333, -0.439249679492613, 0.177923573028898,
  -0.233469887674383, -0.433631076244639, 0.32101787991046,
  -0.276499560155417, -0.334595154894561, 0.349200349459062,
  // f 56//37 59//37 60//37
  -0.233469887674383, -0.433631076244639, 0.32101787991046,
  -0.0889501744745535, -0.325313643285655, 0.435763088531069,
  -0.0703596721357588, -0.42555981528332, 0.400564380868282,
  // f 62//38 57//38 61//38
  -0.0889501744745535, -0.325313643285655, 0.435763088531069,
  -0.233469887674383, -0.433631076244639, 0.32101787991046,
  -0.0703596721357588, -0.42555981528332, 0.400564380868282,
  // f 60//39 59//39 63//39
  -0.0703596721357588, -0.42555981528332, 0.400564380868282,
  -0.0889501744745535, -0.325313643285655, 0.435763088531069,
  0.110798771598841, -0.41662910096357, 0.400808184984245,
  // f 64//40 63//40 59//40
  0.119344485893743, -0.315046975956372, 0.436043726362394,
  0.110798771598841, -0.41662910096357, 0.400808184984245,
  -0.0889501744745535, -0.325313643285655, 0.435763088531069,
  // f 66//41 65//41 62//41
  0.110798771598841, -0.41662910096357, 0.400808184984245,
  0.119344485893743, -0.315046975956372, 0.436043726362394,
  -0.0889501744745535, -0.325313643285655, 0.435763088531069,
  // f 62//42 61//42 66//42
  -0.0889501744745535, -0.325313643285655, 0.435763088531069,
  -0.0703596721357588, -0.42555981528332, 0.400564380868282,
  0.110798771598841, -0.41662910096357, 0.400808184984245,
  // f 63//43 67//43 68//43
  0.110798771598841, -0.41662910096357, 0.400808184984245,
  0.307129782751564, -0.305823930562326, 0.349986427717845,
  0.274125312132444, -0.408607536284882, 0.321701349962164,
  // f 70//44 66//44 69//44
  0.307129782751564, -0.305823930562326, 0.349986427717845,
  0.110798771598841, -0.41662910096357, 0.400808184984245,
  0.274125312132444, -0.408607536284882, 0.321701349962164,
  // f 72//45 71//45 68//45
  0.437211264191902, -0.299474499628611, 0.19463584821534,
  0.387270592783431, -0.403088325602169, 0.17891165206002,
  0.274125312132444, -0.408607536284882, 0.321701349962164,
  // f 74//46 73//46 69//46
  0.387270592783431, -0.403088325602169, 0.17891165206002,
  0.437211264191902, -0.299474499628611, 0.19463584821534,
  0.274125312132444, -0.408607536284882, 0.321701349962164,
  // f 72//47 75//47 71//47
  0.437211264191902, -0.299474499628611, 0.19463584821534,
  0.427825098058399, -0.401161863822556, 0.000720076398452576,
  0.387270592783431, -0.403088325602169, 0.17891165206002,
  // f 76//48 73//48 74//48
  0.427825098058399, -0.401161863822556, 0.000720076398452576,
  0.437211264191902, -0.299474499628611, 0.19463584821534,
  0.387270592783431, -0.403088325602169, 0.17891165206002,
  // f 78//49 77//49 75//49
  0.483825207974883, -0.297255706774703, 0.000761002748854049,
  0.387756739359985, -0.403211104653373, -0.177579661760604,
  0.427825098058399, -0.401161863822556, 0.000720076398452576,
  // f 80//50 79//50 76//50
  0.387756739359985, -0.403211104653373, -0.177579661760604,
  0.483825207974883, -0.297255706774703, 0.000761002748854049,
  0.427825098058399, -0.401161863822556, 0.000720076398452576,
  // f 81//51 31//51 77//51
  0.437740383436378, -0.299606048612044, -0.193238375755282,
  0.275001136031036, -0.408826784590604, -0.320673968642165,
  0.387756739359985, -0.403211104653373, -0.177579661760604,
  // f 32//52 82//52 80//52
  0.275001136031036, -0.408826784590604, -0.320673968642165,
  0.437740383436378, -0.299606048612044, -0.193238375755282,
  0.387756739359985, -0.403211104653373, -0.177579661760604,
  // f 81//53 29//53 31//53
  0.437740383436378, -0.299606048612044, -0.193238375755282,
  0.308082782053769, -0.306060718732506, -0.348939167884794,
  0.275001136031036, -0.408826784590604, -0.320673968642165,
  // f 34//54 82//54 32//54
  0.308082782053769, -0.306060718732506, -0.348939167884794,
  0.437740383436378, -0.299606048612044, -0.193238375755282,
  0.275001136031036, -0.408826784590604, -0.320673968642165,
  // f 30//55 29//55 37//55
  0.111890920492412, -0.416900968862666, -0.400220761931062,
  0.308082782053769, -0.306060718732506, -0.348939167884794,
  0.120532811710757, -0.315342230341411, -0.435501906956801,
  // f 34//56 33//56 38//56
  0.308082782053769, -0.306060718732506, -0.348939167884794,
  0.111890920492412, -0.416900968862666, -0.400220761931062,
  0.120532811710757, -0.315342230341411, -0.435501906956801,
  // f 35//57 37//57 83//57
  -0.0877615563264651, -0.325611820981437, -0.435782252457051,
  0.120532811710757, -0.315342230341411, -0.435501906956801,
  -0.100802153219746, -0.189093209285096, -0.4522317220077,
  // f 84//58 83//58 37//58
  0.120126763848559, -0.178203876767561, -0.451934128974066,
  -0.100802153219746, -0.189093209285096, -0.4522317220077,
  0.120532811710757, -0.315342230341411, -0.435501906956801,
  // f 86//59 85//59 38//59
  -0.100802153219746, -0.189093209285096, -0.4522317220077,
  0.120126763848559, -0.178203876767561, -0.451934128974066,
  0.120532811710757, -0.315342230341411, -0.435501906956801,
  // f 38//60 39//60 86//60
  0.120532811710757, -0.315342230341411, -0.435501906956801,
  -0.0877615563264651, -0.325611820981437, -0.435782252457051,
  -0.100802153219746, -0.189093209285096, -0.4522317220077,
  // f 41//61 35//61 43//61
  -0.232594063775792, -0.433850324550361, -0.321357731024944,
  -0.0877615563264651, -0.325611820981437, -0.435782252457051,
  -0.275546560853212, -0.334834866375484, -0.349724953812502,
  // f 39//62 42//62 46//62
  -0.0877615563264651, -0.325611820981437, -0.435782252457051,
  -0.232594063775792, -0.433850324550361, -0.321357731024944,
  -0.275546560853212, -0.334834866375484, -0.349724953812502,
  // f 44//63 43//63 87//63
  -0.345739344426778, -0.439369535233075, -0.178567448460651,
  -0.275546560853212, -0.334834866375484, -0.349724953812502,
  -0.405628334624625, -0.341184297309198, -0.194374081978923,
  // f 46//64 45//64 88//64
  -0.275546560853212, -0.334834866375484, -0.349724953812502,
  -0.345739344426778, -0.439369535233075, -0.178567448460651,
  -0.405628334624625, -0.341184297309198, -0.194374081978923,
  // f 44//65 87//65 47//65
  -0.345739344426778, -0.439369535233075, -0.178567448460651,
  -0.405628334624625, -0.341184297309198, -0.194374081978923,
  -0.452242863069754, -0.343403090163106, -0.000499528843511316,
  // f 88//66 45//66 50//66
  -0.405628334624625, -0.341184297309198, -0.194374081978923,
  -0.345739344426778, -0.439369535233075, -0.178567448460651,
  -0.452242863069754, -0.343403090163106, -0.000499528843511316,
  // f 48//67 47//67 51//67
  -0.38629414203282, -0.441295997012687, -0.000376165130158305,
  -0.452242863069754, -0.343403090163106, -0.000499528843511316,
  -0.406157161538027, -0.341049825015022, 0.193499849660625,
  // f 50//68 49//68 54//68
  -0.452242863069754, -0.343403090163106, -0.000499528843511316,
  -0.38629414203282, -0.441295997012687, -0.000376165130158305,
  -0.406157161538027, -0.341049825015022, 0.193499849660625,
  // f 55//69 52//69 51//69
  -0.276499560155417, -0.334595154894561, 0.349200349459062,
  -0.346225491003333, -0.439249679492613, 0.177923573028898,
  -0.406157161538027, -0.341049825015022, 0.193499849660625,
  // f 53//70 58//70 54//70
  -0.346225491003333, -0.439249679492613, 0.177923573028898,
  -0.276499560155417, -0.334595154894561, 0.349200349459062,
  -0.406157161538027, -0.341049825015022, 0.193499849660625,
  // f 55//71 59//71 56//71
  -0.276499560155417, -0.334595154894561, 0.349200349459062,
  -0.0889501744745535, -0.325313643285655, 0.435763088531069,
  -0.233469887674383, -0.433631076244639, 0.32101787991046,
  // f 62//72 58//72 57//72
  -0.0889501744745535, -0.325313643285655, 0.435763088531069,
  -0.276499560155417, -0.334595154894561, 0.349200349459062,
  -0.233469887674383, -0.433631076244639, 0.32101787991046,
  // f 59//73 89//73 64//73
  -0.0889501744745535, -0.325313643285655, 0.435763088531069,
  -0.102035205691127, -0.188786261657085, 0.452083932409028,
  0.119344485893743, -0.315046975956372, 0.436043726362394,
  // f 90//74 64//74 89//74
  0.118893711377178, -0.177894005828807, 0.452381233111587,
  0.119344485893743, -0.315046975956372, 0.436043726362394,
  -0.102035205691127, -0.188786261657085, 0.452083932409028,
  // f 65//75 91//75 92//75
  0.119344485893743, -0.315046975956372, 0.436043726362394,
  0.118893711377178, -0.177894005828807, 0.452381233111587,
  -0.102035205691127, -0.188786261657085, 0.452083932409028,
  // f 92//76 62//76 65//76
  -0.102035205691127, -0.188786261657085, 0.452083932409028,
  -0.0889501744745535, -0.325313643285655, 0.435763088531069,
  0.119344485893743, -0.315046975956372, 0.436043726362394,
  // f 64//77 67//77 63//77
  0.119344485893743, -0.315046975956372, 0.436043726362394,
  0.307129782751564, -0.305823930562326, 0.349986427717845,
  0.110798771598841, -0.41662910096357, 0.400808184984245,
  // f 70//78 65//78 66//78
  0.307129782751564, -0.305823930562326, 0.349986427717845,
  0.119344485893743, -0.315046975956372, 0.436043726362394,
  0.110798771598841, -0.41662910096357, 0.400808184984245,
  // f 67//79 72//79 68//79
  0.307129782751564, -0.305823930562326, 0.349986427717845,
  0.437211264191902, -0.299474499628611, 0.19463584821534,
  0.274125312132444, -0.408607536284882, 0.321701349962164,
  // f 73//80 70//80 69//80
  0.437211264191902, -0.299474499628611, 0.19463584821534,
  0.307129782751564, -0.305823930562326, 0.349986427717845,
  0.274125312132444, -0.408607536284882, 0.321701349962164,
  // f 78//81 75//81 72//81
  0.483825207974883, -0.297255706774703, 0.000761002748854049,
  0.427825098058399, -0.401161863822556, 0.000720076398452576,
  0.437211264191902, -0.299474499628611, 0.19463584821534,
  // f 76//82 79//82 73//82
  0.427825098058399, -0.401161863822556, 0.000720076398452576,
  0.483825207974883, -0.297255706774703, 0.000761002748854049,
  0.437211264191902, -0.299474499628611, 0.19463584821534,
  // f 78//83 81//83 77//83
  0.483825207974883, -0.297255706774703, 0.000761002748854049,
  0.437740383436378, -0.299606048612044, -0.193238375755282,
  0.387756739359985, -0.403211104653373, -0.177579661760604,
  // f 82//84 79//84 80//84
  0.437740383436378, -0.299606048612044, -0.193238375755282,
  0.483825207974883, -0.297255706774703, 0.000761002748854049,
  0.387756739359985, -0.403211104653373, -0.177579661760604,
  // f 93//85 29//85 81//85
  0.456582875161216, -0.161514695735989, -0.200551914572025,
  0.308082782053769, -0.306060718732506, -0.348939167884794,
  0.437740383436378, -0.299606048612044, -0.193238375755282,
  // f 34//86 94//86 82//86
  0.308082782053769, -0.306060718732506, -0.348939167884794,
  0.456582875161216, -0.161514695735989, -0.200551914572025,
  0.437740383436378, -0.299606048612044, -0.193238375755282,
  // f 29//87 95//87 37//87
  0.308082782053769, -0.306060718732506, -0.348939167884794,
  0.319055721258553, -0.168358166185264, -0.362110729099359,
  0.120532811710757, -0.315342230341411, -0.435501906956801,
  // f 96//88 34//88 38//88
  0.319055721258553, -0.168358166185264, -0.362110729099359,
  0.308082782053769, -0.306060718732506, -0.348939167884794,
  0.120532811710757, -0.315342230341411, -0.435501906956801,
  // f 37//89 95//89 84//89
  0.120532811710757, -0.315342230341411, -0.435501906956801,
  0.319055721258553, -0.168358166185264, -0.362110729099359,
  0.120126763848559, -0.178203876767561, -0.451934128974066,
  // f 96//90 38//90 85//90
  0.319055721258553, -0.168358166185264, -0.362110729099359,
  0.120532811710757, -0.315342230341411, -0.435501906956801,
  0.120126763848559, -0.178203876767561, -0.451934128974066,
  // f 83//91 84//91 97//91
  -0.100802153219746, -0.189093209285096, -0.4522317220077,
  0.120126763848559, -0.178203876767561, -0.451934128974066,
  -0.108931880395924, -0.0171411480733079, -0.490762126924241,
  // f 98//92 97//92 84//92
  0.111407989557674, -0.00627812535245975, -0.49046541088383,
  -0.108931880395924, -0.0171411480733079, -0.490762126924241,
  0.120126763848559, -0.178203876767561, -0.451934128974066,
  // f 100//93 99//93 85//93
  -0.108931880395924, -0.0171411480733079, -0.490762126924241,
  0.111407989557674, -0.00627812535245975, -0.49046541088383,
  0.120126763848559, -0.178203876767561, -0.451934128974066,
  // f 85//94 86//94 100//94
  0.120126763848559, -0.178203876767561, -0.451934128974066,
  -0.100802153219746, -0.189093209285096, -0.4522317220077,
  -0.108931880395924, -0.0171411480733079, -0.490762126924241,
  // f 35//95 83//95 43//95
  -0.0877615563264651, -0.325611820981437, -0.435782252457051,
  -0.100802153219746, -0.189093209285096, -0.4522317220077,
  -0.275546560853212, -0.334834866375484, -0.349724953812502,
  // f 86//96 39//96 46//96
  -0.100802153219746, -0.189093209285096, -0.4522317220077,
  -0.0877615563264651, -0.325611820981437, -0.435782252457051,
  -0.275546560853212, -0.334834866375484, -0.349724953812502,
  // f 43//97 101//97 87//97
  -0.275546560853212, -0.334834866375484, -0.349724953812502,
  -0.299974914745702, -0.198877530341791, -0.362944457323252,
  -0.405628334624625, -0.341184297309198, -0.194374081978923,
  // f 102//98 46//98 88//98
  -0.299974914745702, -0.198877530341791, -0.362944457323252,
  -0.275546560853212, -0.334834866375484, -0.349724953812502,
  -0.405628334624625, -0.341184297309198, -0.194374081978923,
  // f 47//99 87//99 103//99
  -0.452242863069754, -0.343403090163106, -0.000499528843511316,
  -0.405628334624625, -0.341184297309198, -0.194374081978923,
  -0.487378134889418, -0.207966103441661, -0.000593659449434703,
  // f 88//100 50//100 104//100
  -0.405628334624625, -0.341184297309198, -0.194374081978923,
  -0.452242863069754, -0.343403090163106, -0.000499528843511316,
  -0.487378134889418, -0.207966103441661, -0.000593659449434703,
  // f 51//101 47//101 105//101
  -0.406157161538027, -0.341049825015022, 0.193499849660625,
  -0.452242863069754, -0.343403090163106, -0.000499528843511316,
  -0.43849102467271, -0.205475442688657, 0.200701718006987,
  // f 50//102 54//102 106//102
  -0.452242863069754, -0.343403090163106, -0.000499528843511316,
  -0.406157161538027, -0.341049825015022, 0.193499849660625,
  -0.43849102467271, -0.205475442688657, 0.200701718006987,
  // f 55//103 51//103 107//103
  -0.276499560155417, -0.334595154894561, 0.349200349459062,
  -0.406157161538027, -0.341049825015022, 0.193499849660625,
  -0.300963870770046, -0.198629048928639, 0.362260532534321,
  // f 54//104 58//104 108//104
  -0.406157161538027, -0.341049825015022, 0.193499849660625,
  -0.276499560155417, -0.334595154894561, 0.349200349459062,
  -0.300963870770046, -0.198629048928639, 0.362260532534321,
  // f 55//105 89//105 59//105
  -0.276499560155417, -0.334595154894561, 0.349200349459062,
  -0.102035205691127, -0.188786261657085, 0.452083932409028,
  -0.0889501744745535, -0.325313643285655, 0.435763088531069,
  // f 92//106 58//106 62//106
  -0.102035205691127, -0.188786261657085, 0.452083932409028,
  -0.276499560155417, -0.334595154894561, 0.349200349459062,
  -0.0889501744745535, -0.325313643285655, 0.435763088531069,
  // f 89//107 109//107 90//107
  -0.102035205691127, -0.188786261657085, 0.452083932409028,
  -0.110269879722978, -0.0168049673378669, 0.49047489540313,
  0.118893711377178, -0.177894005828807, 0.452381233111587,
  // f 110//108 90//108 109//108
  0.11006999023062, -0.00594486792776167, 0.49077161144354,
  0.118893711377178, -0.177894005828807, 0.452381233111587,
  -0.110269879722978, -0.0168049673378669, 0.49047489540313,
  // f 91//109 111//109 112//109
  0.118893711377178, -0.177894005828807, 0.452381233111587,
  0.11006999023062, -0.00594486792776167, 0.49077161144354,
  -0.110269879722978, -0.0168049673378669, 0.49047489540313,
  // f 112//110 92//110 91//110
  -0.110269879722978, -0.0168049673378669, 0.49047489540313,
  -0.102035205691127, -0.188786261657085, 0.452083932409028,
  0.118893711377178, -0.177894005828807, 0.452381233111587,
  // f 90//111 113//111 64//111
  0.118893711377178, -0.177894005828807, 0.452381233111587,
  0.318066765234209, -0.168112608082855, 0.36309396842714,
  0.119344485893743, -0.315046975956372, 0.436043726362394,
  // f 114//112 91//112 65//112
  0.318066765234209, -0.168112608082855, 0.36309396842714,
  0.118893711377178, -0.177894005828807, 0.452381233111587,
  0.119344485893743, -0.315046975956372, 0.436043726362394,
  // f 64//113 113//113 67//113
  0.119344485893743, -0.315046975956372, 0.436043726362394,
  0.318066765234209, -0.168112608082855, 0.36309396842714,
  0.307129782751564, -0.305823930562326, 0.349986427717845,
  // f 114//114 65//114 70//114
  0.318066765234209, -0.168112608082855, 0.36309396842714,
  0.119344485893743, -0.315046975956372, 0.436043726362394,
  0.307129782751564, -0.305823930562326, 0.349986427717845,
  // f 115//115 72//115 67//115
  0.456034169734762, -0.16137730013107, 0.201906414364162,
  0.437211264191902, -0.299474499628611, 0.19463584821534,
  0.307129782751564, -0.305823930562326, 0.349986427717845,
  // f 73//116 116//116 70//116
  0.437211264191902, -0.299474499628611, 0.19463584821534,
  0.456034169734762, -0.16137730013107, 0.201906414364162,
  0.307129782751564, -0.305823930562326, 0.349986427717845,
  // f 115//117 78//117 72//117
  0.456034169734762, -0.16137730013107, 0.201906414364162,
  0.483825207974883, -0.297255706774703, 0.000761002748854049,
  0.437211264191902, -0.299474499628611, 0.19463584821534,
  // f 79//118 116//118 73//118
  0.483825207974883, -0.297255706774703, 0.000761002748854049,
  0.456034169734762, -0.16137730013107, 0.201906414364162,
  0.437211264191902, -0.299474499628611, 0.19463584821534,
  // f 117//119 81//119 78//119
  0.505469400715776, -0.159021111672242, 0.000743462884396275,
  0.437740383436378, -0.299606048612044, -0.193238375755282,
  0.483825207974883, -0.297255706774703, 0.000761002748854049,
  // f 82//120 118//120 79//120
  0.437740383436378, -0.299606048612044, -0.193238375755282,
  0.505469400715776, -0.159021111672242, 0.000743462884396275,
  0.483825207974883, -0.297255706774703, 0.000761002748854049,
  // f 117//121 93//121 81//121
  0.505469400715776, -0.159021111672242, 0.000743462884396275,
  0.456582875161216, -0.161514695735989, -0.200551914572025,
  0.437740383436378, -0.299606048612044, -0.193238375755282,
  // f 94//122 118//122 82//122
  0.456582875161216, -0.161514695735989, -0.200551914572025,
  0.505469400715776, -0.159021111672242, 0.000743462884396275,
  0.437740383436378, -0.299606048612044, -0.193238375755282,
  // f 93//123 95//123 29//123
  0.456582875161216, -0.161514695735989, -0.200551914572025,
  0.319055721258553, -0.168358166185264, -0.362110729099359,
  0.308082782053769, -0.306060718732506, -0.348939167884794,
  // f 96//124 94//124 34//124
  0.319055721258553, -0.168358166185264, -0.362110729099359,
  0.456582875161216, -0.161514695735989, -0.200551914572025,
  0.308082782053769, -0.306060718732506, -0.348939167884794,
  // f 95//125 119//125 84//125
  0.319055721258553, -0.168358166185264, -0.362110729099359,
  0.309795257486997, 0.00354127543315085, -0.393025324868335,
  0.120126763848559, -0.178203876767561, -0.451934128974066,
  // f 120//126 96//126 85//126
  0.309795257486997, 0.00354127543315085, -0.393025324868335,
  0.319055721258553, -0.168358166185264, -0.362110729099359,
  0.120126763848559, -0.178203876767561, -0.451934128974066,
  // f 84//127 119//127 98//127
  0.120126763848559, -0.178203876767561, -0.451934128974066,
  0.309795257486997, 0.00354127543315085, -0.393025324868335,
  0.111407989557674, -0.00627812535245975, -0.49046541088383,
  // f 120//128 85//128 99//128
  0.309795257486997, 0.00354127543315085, -0.393025324868335,
  0.120126763848559, -0.178203876767561, -0.451934128974066,
  0.111407989557674, -0.00627812535245975, -0.49046541088383,
  // f 97//129 98//129 121//129
  -0.108931880395924, -0.0171411480733079, -0.490762126924241,
  0.111407989557674, -0.00627812535245975, -0.49046541088383,
  -0.112208911738785, 0.128869453605433, -0.494451345081859,
  // f 122//129 121//129 98//129
  0.100317533261024, 0.13934659930821, -0.494165152960123,
  -0.112208911738785, 0.128869453605433, -0.494451345081859,
  0.111407989557674, -0.00627812535245975, -0.49046541088383,
  // f 124//130 123//130 99//130
  -0.112208911738785, 0.128869453605433, -0.494451345081859,
  0.100317533261024, 0.13934659930821, -0.494165152960123,
  0.111407989557674, -0.00627812535245975, -0.49046541088383,
  // f 99//130 100//130 124//130
  0.111407989557674, -0.00627812535245975, -0.49046541088383,
  -0.108931880395924, -0.0171411480733079, -0.490762126924241,
  -0.112208911738785, 0.128869453605433, -0.494451345081859,
  // f 83//131 97//131 101//131
  -0.100802153219746, -0.189093209285096, -0.4522317220077,
  -0.108931880395924, -0.0171411480733079, -0.490762126924241,
  -0.299974914745702, -0.198877530341791, -0.362944457323252,
  // f 100//132 86//132 102//132
  -0.108931880395924, -0.0171411480733079, -0.490762126924241,
  -0.100802153219746, -0.189093209285096, -0.4522317220077,
  -0.299974914745702, -0.198877530341791, -0.362944457323252,
  // f 43//133 83//133 101//133
  -0.275546560853212, -0.334834866375484, -0.349724953812502,
  -0.100802153219746, -0.189093209285096, -0.4522317220077,
  -0.299974914745702, -0.198877530341791, -0.362944457323252,
  // f 86//134 46//134 102//134
  -0.100802153219746, -0.189093209285096, -0.4522317220077,
  -0.275546560853212, -0.334834866375484, -0.349724953812502,
  -0.299974914745702, -0.198877530341791, -0.362944457323252,
  // f 87//135 101//135 125//135
  -0.405628334624625, -0.341184297309198, -0.194374081978923,
  -0.299974914745702, -0.198877530341791, -0.362944457323252,
  -0.437942319246256, -0.205612838293576, -0.201756318598126,
  // f 102//136 88//136 126//136
  -0.299974914745702, -0.198877530341791, -0.362944457323252,
  -0.405628334624625, -0.341184297309198, -0.194374081978923,
  -0.437942319246256, -0.205612838293576, -0.201756318598126,
  // f 87//137 125//137 103//137
  -0.405628334624625, -0.341184297309198, -0.194374081978923,
  -0.437942319246256, -0.205612838293576, -0.201756318598126,
  -0.487378134889418, -0.207966103441661, -0.000593659449434703,
  // f 126//138 88//138 104//138
  -0.437942319246256, -0.205612838293576, -0.201756318598126,
  -0.405628334624625, -0.341184297309198, -0.194374081978923,
  -0.487378134889418, -0.207966103441661, -0.000593659449434703,
  // f 47//139 103//139 105//139
  -0.452242863069754, -0.343403090163106, -0.000499528843511316,
  -0.487378134889418, -0.207966103441661, -0.000593659449434703,
  -0.43849102467271, -0.205475442688657, 0.200701718006987,
  // f 104//140 50//140 106//140
  -0.487378134889418, -0.207966103441661, -0.000593659449434703,
  -0.452242863069754, -0.343403090163106, -0.000499528843511316,
  -0.43849102467271, -0.205475442688657, 0.200701718006987,
  // f 107//141 51//141 105//141
  -0.300963870770046, -0.198629048928639, 0.362260532534321,
  -0.406157161538027, -0.341049825015022, 0.193499849660625,
  -0.43849102467271, -0.205475442688657, 0.200701718006987,
  // f 54//142 108//142 106//142
  -0.406157161538027, -0.341049825015022, 0.193499849660625,
  -0.300963870770046, -0.198629048928639, 0.362260532534321,
  -0.43849102467271, -0.205475442688657, 0.200701718006987,
  // f 107//143 89//143 55//143
  -0.300963870770046, -0.198629048928639, 0.362260532534321,
  -0.102035205691127, -0.188786261657085, 0.452083932409028,
  -0.276499560155417, -0.334595154894561, 0.349200349459062,
  // f 92//144 108//144 58//144
  -0.102035205691127, -0.188786261657085, 0.452083932409028,
  -0.300963870770046, -0.198629048928639, 0.362260532534321,
  -0.276499560155417, -0.334595154894561, 0.349200349459062,
  // f 107//145 109//145 89//145
  -0.300963870770046, -0.198629048928639, 0.362260532534321,
  -0.110269879722978, -0.0168049673378669, 0.49047489540313,
  -0.102035205691127, -0.188786261657085, 0.452083932409028,
  // f 112//146 108//146 92//146
  -0.110269879722978, -0.0168049673378669, 0.49047489540313,
  -0.300963870770046, -0.198629048928639, 0.362260532534321,
  -0.102035205691127, -0.188786261657085, 0.452083932409028,
  // f 109//147 127//147 110//147
  -0.110269879722978, -0.0168049673378669, 0.49047489540313,
  -0.113556850322365, 0.129208557651616, 0.49405536640111,
  0.11006999023062, -0.00594486792776167, 0.49077161144354,
  // f 128//148 110//148 127//148
  0.0989695946774437, 0.139685703354394, 0.494341558522846,
  0.11006999023062, -0.00594486792776167, 0.49077161144354,
  -0.113556850322365, 0.129208557651616, 0.49405536640111,
  // f 111//149 129//149 130//149
  0.11006999023062, -0.00594486792776167, 0.49077161144354,
  0.0989695946774437, 0.139685703354394, 0.494341558522846,
  -0.113556850322365, 0.129208557651616, 0.49405536640111,
  // f 130//150 112//150 111//150
  -0.113556850322365, 0.129208557651616, 0.49405536640111,
  -0.110269879722978, -0.0168049673378669, 0.49047489540313,
  0.11006999023062, -0.00594486792776167, 0.49077161144354,
  // f 110//151 131//151 90//151
  0.11006999023062, -0.00594486792776167, 0.49077161144354,
  0.30872240244433, 0.00381022002150359, 0.393865906631858,
  0.118893711377178, -0.177894005828807, 0.452381233111587,
  // f 132//152 111//152 91//152
  0.30872240244433, 0.00381022002150359, 0.393865906631858,
  0.11006999023062, -0.00594486792776167, 0.49077161144354,
  0.118893711377178, -0.177894005828807, 0.452381233111587,
  // f 90//153 131//153 113//153
  0.118893711377178, -0.177894005828807, 0.452381233111587,
  0.30872240244433, 0.00381022002150359, 0.393865906631858,
  0.318066765234209, -0.168112608082855, 0.36309396842714,
  // f 132//154 91//154 114//154
  0.30872240244433, 0.00381022002150359, 0.393865906631858,
  0.118893711377178, -0.177894005828807, 0.452381233111587,
  0.318066765234209, -0.168112608082855, 0.36309396842714,
  // f 113//155 115//155 67//155
  0.318066765234209, -0.168112608082855, 0.36309396842714,
  0.456034169734762, -0.16137730013107, 0.201906414364162,
  0.307129782751564, -0.305823930562326, 0.349986427717845,
  // f 116//156 114//156 70//156
  0.456034169734762, -0.16137730013107, 0.201906414364162,
  0.318066765234209, -0.168112608082855, 0.36309396842714,
  0.307129782751564, -0.305823930562326, 0.349986427717845,
  // f 115//157 117//157 78//157
  0.456034169734762, -0.16137730013107, 0.201906414364162,
  0.505469400715776, -0.159021111672242, 0.000743462884396275,
  0.483825207974883, -0.297255706774703, 0.000761002748854049,
  // f 118//158 116//158 79//158
  0.505469400715776, -0.159021111672242, 0.000743462884396275,
  0.456034169734762, -0.16137730013107, 0.201906414364162,
  0.483825207974883, -0.297255706774703, 0.000761002748854049,
  // f 133//159 93//159 117//159
  0.495668416787846, 0.012863713392458, 0.000671549440119401,
  0.456582875161216, -0.161514695735989, -0.200551914572025,
  0.505469400715776, -0.159021111672242, 0.000743462884396275,
  // f 94//160 134//160 118//160
  0.456582875161216, -0.161514695735989, -0.200551914572025,
  0.495668416787846, 0.012863713392458, 0.000671549440119401,
  0.505469400715776, -0.159021111672242, 0.000743462884396275,
  // f 135//161 95//161 93//161
  0.446936242040515, 0.0103730526394538, -0.217740104747421,
  0.319055721258553, -0.168358166185264, -0.362110729099359,
  0.456582875161216, -0.161514695735989, -0.200551914572025,
  // f 96//162 136//162 94//162
  0.319055721258553, -0.168358166185264, -0.362110729099359,
  0.446936242040515, 0.0103730526394538, -0.217740104747421,
  0.456582875161216, -0.161514695735989, -0.200551914572025,
  // f 135//163 119//163 95//163
  0.446936242040515, 0.0103730526394538, -0.217740104747421,
  0.309795257486997, 0.00354127543315085, -0.393025324868335,
  0.319055721258553, -0.168358166185264, -0.362110729099359,
  // f 120//164 136//164 96//164
  0.309795257486997, 0.00354127543315085, -0.393025324868335,
  0.446936242040515, 0.0103730526394538, -0.217740104747421,
  0.319055721258553, -0.168358166185264, -0.362110729099359,
  // f 119//165 137//165 98//165
  0.309795257486997, 0.00354127543315085, -0.393025324868335,
  0.29166459192807, 0.148821049426151, -0.396014410103014,
  0.111407989557674, -0.00627812535245975, -0.49046541088383,
  // f 138//166 120//166 99//166
  0.29166459192807, 0.148821049426151, -0.396014410103014,
  0.309795257486997, 0.00354127543315085, -0.393025324868335,
  0.111407989557674, -0.00627812535245975, -0.49046541088383,
  // f 98//167 137//167 122//167
  0.111407989557674, -0.00627812535245975, -0.49046541088383,
  0.29166459192807, 0.148821049426151, -0.396014410103014,
  0.100317533261024, 0.13934659930821, -0.494165152960123,
  // f 138//168 99//168 123//168
  0.29166459192807, 0.148821049426151, -0.396014410103014,
  0.111407989557674, -0.00627812535245975, -0.49046541088383,
  0.100317533261024, 0.13934659930821, -0.494165152960123,
  // f 121//169 122//169 139//169
  -0.112208911738785, 0.128869453605433, -0.494451345081859,
  0.100317533261024, 0.13934659930821, -0.494165152960123,
  -0.110097989051292, 0.319285145469771, -0.459096824956473,
  // f 140//170 139//170 122//170
  0.079393351956122, 0.328625123293536, -0.458841619928612,
  -0.110097989051292, 0.319285145469771, -0.459096824956473,
  0.100317533261024, 0.13934659930821, -0.494165152960123,
  // f 142//171 141//171 123//171
  -0.110097989051292, 0.319285145469771, -0.459096824956473,
  0.079393351956122, 0.328625123293536, -0.458841619928612,
  0.100317533261024, 0.13934659930821, -0.494165152960123,
  // f 123//172 124//172 142//172
  0.100317533261024, 0.13934659930821, -0.494165152960123,
  -0.112208911738785, 0.128869453605433, -0.494451345081859,
  -0.110097989051292, 0.319285145469771, -0.459096824956473,
  // f 97//173 121//173 143//173
  -0.108931880395924, -0.0171411480733079, -0.490762126924241,
  -0.112208911738785, 0.128869453605433, -0.494451345081859,
  -0.307584000278559, -0.0268933127118303, -0.393856714443633,
  // f 124//174 100//174 144//174
  -0.112208911738785, 0.128869453605433, -0.494451345081859,
  -0.108931880395924, -0.0171411480733079, -0.490762126924241,
  -0.307584000278559, -0.0268933127118303, -0.393856714443633,
  // f 101//175 97//175 143//175
  -0.299974914745702, -0.198877530341791, -0.362944457323252,
  -0.108931880395924, -0.0171411480733079, -0.490762126924241,
  -0.307584000278559, -0.0268933127118303, -0.393856714443633,
  // f 100//176 102//176 144//176
  -0.108931880395924, -0.0171411480733079, -0.490762126924241,
  -0.299974914745702, -0.198877530341791, -0.362944457323252,
  -0.307584000278559, -0.0268933127118303, -0.393856714443633,
  // f 101//177 143//177 125//177
  -0.299974914745702, -0.198877530341791, -0.362944457323252,
  -0.307584000278559, -0.0268933127118303, -0.393856714443633,
  -0.437942319246256, -0.205612838293576, -0.201756318598126,
  // f 144//178 102//178 126//178
  -0.307584000278559, -0.0268933127118303, -0.393856714443633,
  -0.299974914745702, -0.198877530341791, -0.362944457323252,
  -0.437942319246256, -0.205612838293576, -0.201756318598126,
  // f 103//179 125//179 145//179
  -0.487378134889418, -0.207966103441661, -0.000593659449434703,
  -0.437942319246256, -0.205612838293576, -0.201756318598126,
  -0.494530599284224, -0.0359497293935275, -0.000662064920820022,
  // f 126//180 104//180 146//180
  -0.437942319246256, -0.205612838293576, -0.201756318598126,
