/*
created with obj2opengl.pl

source file    : .\thigh.obj
vertices       : 308
faces          : 496
normals        : 488
texture coords : 0


// include generated arrays
#import ".\thigh.h"

// set input data to arrays
glVertexPointer(3, GL_FLOAT, 0, thighVerts);
glNormalPointer(GL_FLOAT, 0, thighNormals);

// draw data
glDrawArrays(GL_TRIANGLES, 0, thighNumVerts);
*/

unsigned int thighNumVerts = 1488;

float thighVerts [] = {
  // f 3//1 1//1 2//1
  -0.233563867672145, -0.468417424232049, -0.0592636565421641,
  -0.221420666999294, -0.479755807066551, 0.0121587625258997,
  -0.218929044509916, -0.462897698984777, -0.130905500522088,
  // f 2//2 1//2 4//2
  -0.218929044509916, -0.462897698984777, -0.130905500522088,
  -0.221420666999294, -0.479755807066551, 0.0121587625258997,
  -0.184904737062487, -0.494667152386799, 0.069216060099598,
  // f 5//3 2//3 4//3
  -0.180415100699842, -0.464290053332235, -0.188577226823223,
  -0.218929044509916, -0.462897698984777, -0.130905500522088,
  -0.184904737062487, -0.494667152386799, 0.069216060099598,
  // f 6//4 5//4 4//4
  -0.131248330751468, -0.510197408470871, 0.100607073733563,
  -0.180415100699842, -0.464290053332235, -0.188577226823223,
  -0.184904737062487, -0.494667152386799, 0.069216060099598,
  // f 7//4 5//4 6//4
  -0.125649877560687, -0.472317770245258, -0.220855878533139,
  -0.180415100699842, -0.464290053332235, -0.188577226823223,
  -0.131248330751468, -0.510197408470871, 0.100607073733563,
  // f 8//5 7//5 6//5
  -0.071079135826536, -0.523272093227816, 0.100114244602041,
  -0.125649877560687, -0.472317770245258, -0.220855878533139,
  -0.131248330751468, -0.510197408470871, 0.100607073733563,
  // f 9//6 7//6 8//6
  -0.0654804877646075, -0.485392455002203, -0.221348707664661,
  -0.125649877560687, -0.472317770245258, -0.220855878533139,
  -0.071079135826536, -0.523272093227816, 0.100114244602041,
  // f 10//7 9//7 8//7
  -0.01631391268738, -0.531300589625428, 0.0678353980209777,
  -0.0654804877646075, -0.485392455002203, -0.221348707664661,
  -0.071079135826536, -0.523272093227816, 0.100114244602041,
  // f 11//7 9//7 10//7
  -0.0118242763247358, -0.500923490570864, -0.189957888901843,
  -0.0654804877646075, -0.485392455002203, -0.221348707664661,
  -0.01631391268738, -0.531300589625428, 0.0678353980209777,
  // f 12//8 11//8 10//8
  0.0222002259938412, -0.532692749101739, 0.0101638665909898,
  -0.0118242763247358, -0.500923490570864, -0.189957888901843,
  -0.01631391268738, -0.531300589625428, 0.0678353980209777,
  // f 13//9 11//9 12//9
  0.0246916536120714, -0.515834641019965, -0.132900591328145,
  -0.0118242763247358, -0.500923490570864, -0.189957888901843,
  0.0222002259938412, -0.532692749101739, 0.0101638665909898,
  // f 14//10 13//10 12//10
  0.0368346594137753, -0.527173218725614, -0.0614781722600811,
  0.0246916536120714, -0.515834641019965, -0.132900591328145,
  0.0222002259938412, -0.532692749101739, 0.0101638665909898,
  // f 17//11 15//11 16//11
  0.0246916536120714, -0.515834641019965, -0.132900591328145,
  0.0368346594137753, -0.527173218725614, -0.0614781722600811,
  0.0222002259938412, -0.532692749101739, 0.0101638665909898,
  // f 18//12 17//12 16//12
  -0.0118242763247358, -0.500923490570864, -0.189957888901843,
  0.0246916536120714, -0.515834641019965, -0.132900591328145,
  0.0222002259938412, -0.532692749101739, 0.0101638665909898,
  // f 18//13 16//13 19//13
  -0.0118242763247358, -0.500923490570864, -0.189957888901843,
  0.0222002259938412, -0.532692749101739, 0.0101638665909898,
  -0.01631391268738, -0.531300589625428, 0.0678353980209777,
  // f 20//14 18//14 19//14
  -0.0654804877646075, -0.485392455002203, -0.221348707664661,
  -0.0118242763247358, -0.500923490570864, -0.189957888901843,
  -0.01631391268738, -0.531300589625428, 0.0678353980209777,
  // f 20//14 19//14 21//14
  -0.0654804877646075, -0.485392455002203, -0.221348707664661,
  -0.01631391268738, -0.531300589625428, 0.0678353980209777,
  -0.071079135826536, -0.523272093227816, 0.100114244602041,
  // f 22//15 20//15 21//15
  -0.125649877560687, -0.472317770245258, -0.220855878533139,
  -0.0654804877646075, -0.485392455002203, -0.221348707664661,
  -0.071079135826536, -0.523272093227816, 0.100114244602041,
  // f 22//16 21//16 23//16
  -0.125649877560687, -0.472317770245258, -0.220855878533139,
  -0.071079135826536, -0.523272093227816, 0.100114244602041,
  -0.131248330751468, -0.510197408470871, 0.100607073733563,
  // f 24//17 22//17 23//17
  -0.180415100699842, -0.464290053332235, -0.188577226823223,
  -0.125649877560687, -0.472317770245258, -0.220855878533139,
  -0.131248330751468, -0.510197408470871, 0.100607073733563,
  // f 24//17 23//17 25//17
  -0.180415100699842, -0.464290053332235, -0.188577226823223,
  -0.131248330751468, -0.510197408470871, 0.100607073733563,
  -0.184904737062487, -0.494667152386799, 0.069216060099598,
  // f 26//18 24//18 25//18
  -0.218929044509916, -0.462897698984777, -0.130905500522088,
  -0.180415100699842, -0.464290053332235, -0.188577226823223,
  -0.184904737062487, -0.494667152386799, 0.069216060099598,
  // f 26//19 25//19 27//19
  -0.218929044509916, -0.462897698984777, -0.130905500522088,
  -0.184904737062487, -0.494667152386799, 0.069216060099598,
  -0.221420666999294, -0.479755807066551, 0.0121587625258997,
  // f 27//20 28//20 26//20
  -0.221420666999294, -0.479755807066551, 0.0121587625258997,
  -0.233563867672145, -0.468417424232049, -0.0592636565421641,
  -0.218929044509916, -0.462897698984777, -0.130905500522088,
  // f 31//21 29//21 30//21
  -0.184904737062487, -0.494667152386799, 0.069216060099598,
  -0.119153458123147, -0.462327506007777, 0.103729104384456,
  -0.131248330751468, -0.510197408470871, 0.100607073733563,
  // f 34//22 32//22 33//22
  -0.119153458123147, -0.462327506007777, 0.103729104384456,
  -0.184904737062487, -0.494667152386799, 0.069216060099598,
  -0.131248330751468, -0.510197408470871, 0.100607073733563,
  // f 30//23 35//23 36//23
  -0.131248330751468, -0.510197408470871, 0.100607073733563,
  -0.060460022396718, -0.477165969518934, 0.103002819618469,
  -0.071079135826536, -0.523272093227816, 0.100114244602041,
  // f 38//24 33//24 37//24
  -0.060460022396718, -0.477165969518934, 0.103002819618469,
  -0.131248330751468, -0.510197408470871, 0.100607073733563,
  -0.071079135826536, -0.523272093227816, 0.100114244602041,
  // f 36//25 39//25 40//25
  -0.071079135826536, -0.523272093227816, 0.100114244602041,
  -0.00703395378180757, -0.486846778374503, 0.0710464847861868,
  -0.01631391268738, -0.531300589625428, 0.0678353980209777,
  // f 42//26 37//26 41//26
  -0.00703395378180757, -0.486846778374503, 0.0710464847861868,
  -0.071079135826536, -0.523272093227816, 0.100114244602041,
  -0.01631391268738, -0.531300589625428, 0.0678353980209777,
  // f 44//27 43//27 40//27
  0.030543049552048, -0.489452595356198, 0.0141895147519128,
  0.0222002259938412, -0.532692749101739, 0.0101638665909898,
  -0.01631391268738, -0.531300589625428, 0.0678353980209777,
  // f 46//28 45//28 41//28
  0.0222002259938412, -0.532692749101739, 0.0101638665909898,
  0.030543049552048, -0.489452595356198, 0.0141895147519128,
  -0.01631391268738, -0.531300589625428, 0.0678353980209777,
  // f 44//29 47//29 43//29
  0.030543049552048, -0.489452595356198, 0.0141895147519128,
  0.0448282738760205, -0.484466622181381, -0.0563064868818869,
  0.0222002259938412, -0.532692749101739, 0.0101638665909898,
  // f 48//30 43//30 47//30
  0.0368346594137753, -0.527173218725614, -0.0614781722600811,
  0.0222002259938412, -0.532692749101739, 0.0101638665909898,
  0.0448282738760205, -0.484466622181381, -0.0563064868818869,
  // f 46//31 49//31 50//31
  0.0222002259938412, -0.532692749101739, 0.0101638665909898,
  0.0368346594137753, -0.527173218725614, -0.0614781722600811,
  0.0448282738760205, -0.484466622181381, -0.0563064868818869,
  // f 50//32 45//32 46//32
  0.0448282738760205, -0.484466622181381, -0.0563064868818869,
  0.030543049552048, -0.489452595356198, 0.0141895147519128,
  0.0222002259938412, -0.532692749101739, 0.0101638665909898,
  // f 47//33 51//33 48//33
  0.0448282738760205, -0.484466622181381, -0.0563064868818869,
  0.0329929696159034, -0.472876855566862, -0.126479392153463,
  0.0368346594137753, -0.527173218725614, -0.0614781722600811,
  // f 52//34 48//34 51//34
  0.0246916536120714, -0.515834641019965, -0.132900591328145,
  0.0368346594137753, -0.527173218725614, -0.0614781722600811,
  0.0329929696159034, -0.472876855566862, -0.126479392153463,
  // f 49//35 53//35 54//35
  0.0368346594137753, -0.527173218725614, -0.0614781722600811,
  0.0246916536120714, -0.515834641019965, -0.132900591328145,
  0.0329929696159034, -0.472876855566862, -0.126479392153463,
  // f 54//36 50//36 49//36
  0.0329929696159034, -0.472876855566862, -0.126479392153463,
  0.0448282738760205, -0.484466622181381, -0.0563064868818869,
  0.0368346594137753, -0.527173218725614, -0.0614781722600811,
  // f 51//37 55//37 52//37
  0.0329929696159034, -0.472876855566862, -0.126479392153463,
  -0.0118242763247358, -0.500923490570864, -0.189957888901843,
  0.0246916536120714, -0.515834641019965, -0.132900591328145,
  // f 56//38 54//38 53//38
  -0.0118242763247358, -0.500923490570864, -0.189957888901843,
  0.0329929696159034, -0.472876855566862, -0.126479392153463,
  0.0246916536120714, -0.515834641019965, -0.132900591328145,
  // f 55//39 57//39 58//39
  -0.0118242763247358, -0.500923490570864, -0.189957888901843,
  -0.00261934281087378, -0.456978293014393, -0.18243040622394,
  -0.0654804877646075, -0.485392455002203, -0.221348707664661,
  // f 60//40 56//40 59//40
  -0.00261934281087378, -0.456978293014393, -0.18243040622394,
  -0.0118242763247358, -0.500923490570864, -0.189957888901843,
  -0.0654804877646075, -0.485392455002203, -0.221348707664661,
  // f 58//41 61//41 62//41
  -0.0654804877646075, -0.485392455002203, -0.221348707664661,
  -0.0549551073566408, -0.439920442006636, -0.213077791559808,
  -0.125649877560687, -0.472317770245258, -0.220855878533139,
  // f 64//42 59//42 63//42
  -0.0549551073566408, -0.439920442006636, -0.213077791559808,
  -0.0654804877646075, -0.485392455002203, -0.221348707664661,
  -0.125649877560687, -0.472317770245258, -0.220855878533139,
  // f 62//43 65//43 66//43
  -0.125649877560687, -0.472317770245258, -0.220855878533139,
  -0.11364854308307, -0.425081978495479, -0.212351506793821,
  -0.180415100699842, -0.464290053332235, -0.188577226823223,
  // f 68//44 63//44 67//44
  -0.11364854308307, -0.425081978495479, -0.212351506793821,
  -0.125649877560687, -0.472317770245258, -0.220855878533139,
  -0.180415100699842, -0.464290053332235, -0.188577226823223,
  // f 70//45 66//45 69//45
  -0.218929044509916, -0.462897698984777, -0.130905500522088,
  -0.180415100699842, -0.464290053332235, -0.188577226823223,
  -0.16707461169798, -0.415401559382205, -0.180395366832686,
  // f 67//46 71//46 72//46
  -0.180415100699842, -0.464290053332235, -0.188577226823223,
  -0.218929044509916, -0.462897698984777, -0.130905500522088,
  -0.16707461169798, -0.415401559382205, -0.180395366832686,
  // f 75//47 73//47 74//47
  -0.218937229098103, -0.417782300188769, -0.0530423951646122,
  -0.233563867672145, -0.468417424232049, -0.0592636565421641,
  -0.204651809902983, -0.412796327013952, -0.123538591669559,
  // f 70//48 74//48 73//48
  -0.218929044509916, -0.462897698984777, -0.130905500522088,
  -0.204651809902983, -0.412796327013952, -0.123538591669559,
  -0.233563867672145, -0.468417424232049, -0.0592636565421641,
  // f 77//49 71//49 76//49
  -0.204651809902983, -0.412796327013952, -0.123538591669559,
  -0.218929044509916, -0.462897698984777, -0.130905500522088,
  -0.233563867672145, -0.468417424232049, -0.0592636565421641,
  // f 76//50 78//50 77//50
  -0.233563867672145, -0.468417424232049, -0.0592636565421641,
  -0.218937229098103, -0.417782300188769, -0.0530423951646122,
  -0.204651809902983, -0.412796327013952, -0.123538591669559,
  // f 80//51 79//51 75//51
  -0.207101729966839, -0.429372066803288, 0.0171305101069642,
  -0.221420666999294, -0.479755807066551, 0.0121587625258997,
  -0.218937229098103, -0.417782300188769, -0.0530423951646122,
  // f 73//52 75//52 79//52
  -0.233563867672145, -0.468417424232049, -0.0592636565421641,
  -0.218937229098103, -0.417782300188769, -0.0530423951646122,
  -0.221420666999294, -0.479755807066551, 0.0121587625258997,
  // f 78//53 76//53 81//53
  -0.218937229098103, -0.417782300188769, -0.0530423951646122,
  -0.233563867672145, -0.468417424232049, -0.0592636565421641,
  -0.221420666999294, -0.479755807066551, 0.0121587625258997,
  // f 81//54 82//54 78//54
  -0.221420666999294, -0.479755807066551, 0.0121587625258997,
  -0.207101729966839, -0.429372066803288, 0.0171305101069642,
  -0.218937229098103, -0.417782300188769, -0.0530423951646122,
  // f 31//55 79//55 83//55
  -0.184904737062487, -0.494667152386799, 0.069216060099598,
  -0.221420666999294, -0.479755807066551, 0.0121587625258997,
  -0.171489222668914, -0.445270044742315, 0.0730817190485878,
  // f 81//56 32//56 84//56
  -0.221420666999294, -0.479755807066551, 0.0121587625258997,
  -0.184904737062487, -0.494667152386799, 0.069216060099598,
  -0.171489222668914, -0.445270044742315, 0.0730817190485878,
  // f 31//57 83//57 29//57
  -0.184904737062487, -0.494667152386799, 0.069216060099598,
  -0.171489222668914, -0.445270044742315, 0.0730817190485878,
  -0.119153458123147, -0.462327506007777, 0.103729104384456,
  // f 84//58 32//58 34//58
  -0.171489222668914, -0.445270044742315, 0.0730817190485878,
  -0.184904737062487, -0.494667152386799, 0.069216060099598,
  -0.119153458123147, -0.462327506007777, 0.103729104384456,
  // f 30//59 29//59 35//59
  -0.131248330751468, -0.510197408470871, 0.100607073733563,
  -0.119153458123147, -0.462327506007777, 0.103729104384456,
  -0.060460022396718, -0.477165969518934, 0.103002819618469,
  // f 85//60 35//60 29//60
  -0.0259656857420009, -0.307857434708322, 0.113914239769237,
  -0.060460022396718, -0.477165969518934, 0.103002819618469,
  -0.119153458123147, -0.462327506007777, 0.103729104384456,
  // f 38//61 86//61 34//61
  -0.060460022396718, -0.477165969518934, 0.103002819618469,
  -0.0259656857420009, -0.307857434708322, 0.113914239769237,
  -0.119153458123147, -0.462327506007777, 0.103729104384456,
  // f 34//62 33//62 38//62
  -0.119153458123147, -0.462327506007777, 0.103729104384456,
  -0.131248330751468, -0.510197408470871, 0.100607073733563,
  -0.060460022396718, -0.477165969518934, 0.103002819618469,
  // f 36//63 35//63 39//63
  -0.071079135826536, -0.523272093227816, 0.100114244602041,
  -0.060460022396718, -0.477165969518934, 0.103002819618469,
  -0.00703395378180757, -0.486846778374503, 0.0710464847861868,
  // f 38//64 37//64 42//64
  -0.060460022396718, -0.477165969518934, 0.103002819618469,
  -0.071079135826536, -0.523272093227816, 0.100114244602041,
  -0.00703395378180757, -0.486846778374503, 0.0710464847861868,
  // f 39//65 44//65 40//65
  -0.00703395378180757, -0.486846778374503, 0.0710464847861868,
  0.030543049552048, -0.489452595356198, 0.0141895147519128,
  -0.01631391268738, -0.531300589625428, 0.0678353980209777,
  // f 45//66 42//66 41//66
  0.030543049552048, -0.489452595356198, 0.0141895147519128,
  -0.00703395378180757, -0.486846778374503, 0.0710464847861868,
  -0.01631391268738, -0.531300589625428, 0.0678353980209777,
  // f 88//67 87//67 44//67
  0.0606180983282962, -0.314713001670335, 0.0310137152540568,
  0.0741980839701901, -0.309342352850748, -0.0351592648480401,
  0.030543049552048, -0.489452595356198, 0.0141895147519128,
  // f 47//68 44//68 87//68
  0.0448282738760205, -0.484466622181381, -0.0563064868818869,
  0.030543049552048, -0.489452595356198, 0.0141895147519128,
  0.0741980839701901, -0.309342352850748, -0.0351592648480401,
  // f 45//69 50//69 89//69
  0.030543049552048, -0.489452595356198, 0.0141895147519128,
  0.0448282738760205, -0.484466622181381, -0.0563064868818869,
  0.0741980839701901, -0.309342352850748, -0.0351592648480401,
  // f 89//70 90//70 45//70
  0.0741980839701901, -0.309342352850748, -0.0351592648480401,
  0.0606180983282962, -0.314713001670335, 0.0310137152540568,
  0.030543049552048, -0.489452595356198, 0.0141895147519128,
  // f 87//71 91//71 47//71
  0.0741980839701901, -0.309342352850748, -0.0351592648480401,
  0.0629206958047928, -0.299134222670585, -0.101195055662438,
  0.0448282738760205, -0.484466622181381, -0.0563064868818869,
  // f 51//72 47//72 91//72
  0.0329929696159034, -0.472876855566862, -0.126479392153463,
  0.0448282738760205, -0.484466622181381, -0.0563064868818869,
  0.0629206958047928, -0.299134222670585, -0.101195055662438,
  // f 50//73 54//73 92//73
  0.0448282738760205, -0.484466622181381, -0.0563064868818869,
  0.0329929696159034, -0.472876855566862, -0.126479392153463,
  0.0629206958047928, -0.299134222670585, -0.101195055662438,
  // f 92//74 89//74 50//74
  0.0629206958047928, -0.299134222670585, -0.101195055662438,
  0.0741980839701901, -0.309342352850748, -0.0351592648480401,
  0.0448282738760205, -0.484466622181381, -0.0563064868818869,
  // f 57//75 55//75 51//75
  -0.00261934281087378, -0.456978293014393, -0.18243040622394,
  -0.0118242763247358, -0.500923490570864, -0.189957888901843,
  0.0329929696159034, -0.472876855566862, -0.126479392153463,
  // f 56//76 60//76 54//76
  -0.0118242763247358, -0.500923490570864, -0.189957888901843,
  -0.00261934281087378, -0.456978293014393, -0.18243040622394,
  0.0329929696159034, -0.472876855566862, -0.126479392153463,
  // f 57//77 61//77 58//77
  -0.00261934281087378, -0.456978293014393, -0.18243040622394,
  -0.0549551073566408, -0.439920442006636, -0.213077791559808,
  -0.0654804877646075, -0.485392455002203, -0.221348707664661,
  // f 64//78 60//78 59//78
  -0.0549551073566408, -0.439920442006636, -0.213077791559808,
  -0.00261934281087378, -0.456978293014393, -0.18243040622394,
  -0.0654804877646075, -0.485392455002203, -0.221348707664661,
  // f 62//79 61//79 65//79
  -0.125649877560687, -0.472317770245258, -0.220855878533139,
  -0.0549551073566408, -0.439920442006636, -0.213077791559808,
  -0.11364854308307, -0.425081978495479, -0.212351506793821,
  // f 93//80 65//80 61//80
  -0.0207918567811863, -0.272851951034237, -0.183156496118779,
  -0.11364854308307, -0.425081978495479, -0.212351506793821,
  -0.0549551073566408, -0.439920442006636, -0.213077791559808,
  // f 68//81 94//81 64//81
  -0.11364854308307, -0.425081978495479, -0.212351506793821,
  -0.0207918567811863, -0.272851951034237, -0.183156496118779,
  -0.0549551073566408, -0.439920442006636, -0.213077791559808,
  // f 64//82 63//82 68//82
  -0.0549551073566408, -0.439920442006636, -0.213077791559808,
  -0.125649877560687, -0.472317770245258, -0.220855878533139,
  -0.11364854308307, -0.425081978495479, -0.212351506793821,
  // f 65//83 69//83 66//83
  -0.11364854308307, -0.425081978495479, -0.212351506793821,
  -0.16707461169798, -0.415401559382205, -0.180395366832686,
  -0.180415100699842, -0.464290053332235, -0.188577226823223,
  // f 72//84 68//84 67//84
  -0.16707461169798, -0.415401559382205, -0.180395366832686,
  -0.11364854308307, -0.425081978495479, -0.212351506793821,
  -0.180415100699842, -0.464290053332235, -0.188577226823223,
  // f 70//85 69//85 74//85
  -0.218929044509916, -0.462897698984777, -0.130905500522088,
  -0.16707461169798, -0.415401559382205, -0.180395366832686,
  -0.204651809902983, -0.412796327013952, -0.123538591669559,
  // f 72//86 71//86 77//86
  -0.16707461169798, -0.415401559382205, -0.180395366832686,
  -0.218929044509916, -0.462897698984777, -0.130905500522088,
  -0.204651809902983, -0.412796327013952, -0.123538591669559,
  // f 96//87 75//87 95//87
  -0.176810374217087, -0.260498484393449, -0.0337750950887683,
  -0.218937229098103, -0.417782300188769, -0.0530423951646122,
  -0.163230388575194, -0.255127445831567, -0.0999480751908652,
  // f 74//88 95//88 75//88
  -0.204651809902983, -0.412796327013952, -0.123538591669559,
  -0.163230388575194, -0.255127445831567, -0.0999480751908652,
  -0.218937229098103, -0.417782300188769, -0.0530423951646122,
  // f 97//89 77//89 78//89
  -0.163230388575194, -0.255127445831567, -0.0999480751908652,
  -0.204651809902983, -0.412796327013952, -0.123538591669559,
  -0.218937229098103, -0.417782300188769, -0.0530423951646122,
  // f 78//90 98//90 97//90
  -0.218937229098103, -0.417782300188769, -0.0530423951646122,
  -0.176810374217087, -0.260498484393449, -0.0337750950887683,
  -0.163230388575194, -0.255127445831567, -0.0999480751908652,
  // f 99//91 80//91 96//91
  -0.165532791180543, -0.270706419702464, 0.0322606957256294,
  -0.207101729966839, -0.429372066803288, 0.0171305101069642,
  -0.176810374217087, -0.260498484393449, -0.0337750950887683,
  // f 75//92 96//92 80//92
  -0.218937229098103, -0.417782300188769, -0.0530423951646122,
  -0.176810374217087, -0.260498484393449, -0.0337750950887683,
  -0.207101729966839, -0.429372066803288, 0.0171305101069642,
  // f 98//93 78//93 82//93
  -0.176810374217087, -0.260498484393449, -0.0337750950887683,
  -0.218937229098103, -0.417782300188769, -0.0530423951646122,
  -0.207101729966839, -0.429372066803288, 0.0171305101069642,
  // f 82//94 100//94 98//94
  -0.207101729966839, -0.429372066803288, 0.0171305101069642,
  -0.165532791180543, -0.270706419702464, 0.0322606957256294,
  -0.176810374217087, -0.260498484393449, -0.0337750950887683,
  // f 83//95 79//95 80//95
  -0.171489222668914, -0.445270044742315, 0.0730817190485878,
  -0.221420666999294, -0.479755807066551, 0.0121587625258997,
  -0.207101729966839, -0.429372066803288, 0.0171305101069642,
  // f 81//96 84//96 82//96
  -0.221420666999294, -0.479755807066551, 0.0121587625258997,
  -0.171489222668914, -0.445270044742315, 0.0730817190485878,
  -0.207101729966839, -0.429372066803288, 0.0171305101069642,
  // f 83//97 101//97 29//97
  -0.171489222668914, -0.445270044742315, 0.0730817190485878,
  -0.0818202385945637, -0.296988691338813, 0.114222136181971,
  -0.119153458123147, -0.462327506007777, 0.103729104384456,
  // f 102//98 84//98 34//98
  -0.0818202385945637, -0.296988691338813, 0.114222136181971,
  -0.171489222668914, -0.445270044742315, 0.0730817190485878,
  -0.119153458123147, -0.462327506007777, 0.103729104384456,
  // f 29//99 101//99 85//99
  -0.119153458123147, -0.462327506007777, 0.103729104384456,
  -0.0818202385945637, -0.296988691338813, 0.114222136181971,
  -0.0259656857420009, -0.307857434708322, 0.113914239769237,
  // f 102//100 34//100 86//100
  -0.0818202385945637, -0.296988691338813, 0.114222136181971,
  -0.119153458123147, -0.462327506007777, 0.103729104384456,
  -0.0259656857420009, -0.307857434708322, 0.113914239769237,
  // f 35//101 85//101 103//101
  -0.060460022396718, -0.477165969518934, 0.103002819618469,
  -0.0259656857420009, -0.307857434708322, 0.113914239769237,
  0.0248701555829982, -0.314183341891974, 0.084217435889898,
  // f 86//102 38//102 104//102
  -0.0259656857420009, -0.307857434708322, 0.113914239769237,
  -0.060460022396718, -0.477165969518934, 0.103002819618469,
  0.0248701555829982, -0.314183341891974, 0.084217435889898,
  // f 35//103 103//103 39//103
  -0.060460022396718, -0.477165969518934, 0.103002819618469,
  0.0248701555829982, -0.314183341891974, 0.084217435889898,
  -0.00703395378180757, -0.486846778374503, 0.0710464847861868,
  // f 104//104 38//104 42//104
  0.0248701555829982, -0.314183341891974, 0.084217435889898,
  -0.060460022396718, -0.477165969518934, 0.103002819618469,
  -0.00703395378180757, -0.486846778374503, 0.0710464847861868,
  // f 88//105 44//105 39//105
  0.0606180983282962, -0.314713001670335, 0.0310137152540568,
  0.030543049552048, -0.489452595356198, 0.0141895147519128,
  -0.00703395378180757, -0.486846778374503, 0.0710464847861868,
  // f 45//106 90//106 42//106
  0.030543049552048, -0.489452595356198, 0.0141895147519128,
  0.0606180983282962, -0.314713001670335, 0.0310137152540568,
  -0.00703395378180757, -0.486846778374503, 0.0710464847861868,
  // f 106//107 105//107 88//107
  0.10618852125325, -0.140406216802625, 0.0608761596086007,
  0.121506952400207, -0.134295837107887, -0.0137086284378472,
  0.0606180983282962, -0.314713001670335, 0.0310137152540568,
  // f 87//108 88//108 105//108
  0.0741980839701901, -0.309342352850748, -0.0351592648480401,
  0.0606180983282962, -0.314713001670335, 0.0310137152540568,
  0.121506952400207, -0.134295837107887, -0.0137086284378472,
  // f 90//109 89//109 107//109
  0.0606180983282962, -0.314713001670335, 0.0310137152540568,
  0.0741980839701901, -0.309342352850748, -0.0351592648480401,
  0.121506952400207, -0.134295837107887, -0.0137086284378472,
  // f 107//110 108//110 90//110
  0.121506952400207, -0.134295837107887, -0.0137086284378472,
  0.10618852125325, -0.140406216802625, 0.0608761596086007,
  0.0606180983282962, -0.314713001670335, 0.0310137152540568,
  // f 105//111 109//111 87//111
  0.121506952400207, -0.134295837107887, -0.0137086284378472,
  0.108784010064138, -0.122845403363687, -0.0881525246447973,
  0.0741980839701901, -0.309342352850748, -0.0351592648480401,
  // f 91//112 87//112 109//112
  0.0629206958047928, -0.299134222670585, -0.101195055662438,
  0.0741980839701901, -0.309342352850748, -0.0351592648480401,
  0.108784010064138, -0.122845403363687, -0.0881525246447973,
  // f 89//113 92//113 110//113
  0.0741980839701901, -0.309342352850748, -0.0351592648480401,
  0.0629206958047928, -0.299134222670585, -0.101195055662438,
  0.108784010064138, -0.122845403363687, -0.0881525246447973,
  // f 110//114 107//114 89//114
  0.108784010064138, -0.122845403363687, -0.0881525246447973,
  0.121506952400207, -0.134295837107887, -0.0137086284378472,
  0.0741980839701901, -0.309342352850748, -0.0351592648480401,
  // f 91//115 57//115 51//115
  0.0629206958047928, -0.299134222670585, -0.101195055662438,
  -0.00261934281087378, -0.456978293014393, -0.18243040622394,
  0.0329929696159034, -0.472876855566862, -0.126479392153463,
  // f 60//116 92//116 54//116
  -0.00261934281087378, -0.456978293014393, -0.18243040622394,
  0.0629206958047928, -0.299134222670585, -0.101195055662438,
  0.0329929696159034, -0.472876855566862, -0.126479392153463,
  // f 57//117 111//117 61//117
  -0.00261934281087378, -0.456978293014393, -0.18243040622394,
  0.0290191571801621, -0.286111178767675, -0.154014685266951,
  -0.0549551073566408, -0.439920442006636, -0.213077791559808,
  // f 112//118 60//118 64//118
  0.0290191571801621, -0.286111178767675, -0.154014685266951,
  -0.00261934281087378, -0.456978293014393, -0.18243040622394,
  -0.0549551073566408, -0.439920442006636, -0.213077791559808,
  // f 111//119 93//119 61//119
  0.0290191571801621, -0.286111178767675, -0.154014685266951,
  -0.0207918567811863, -0.272851951034237, -0.183156496118779,
  -0.0549551073566408, -0.439920442006636, -0.213077791559808,
  // f 94//120 112//120 64//120
  -0.0207918567811863, -0.272851951034237, -0.183156496118779,
  0.0290191571801621, -0.286111178767675, -0.154014685266951,
  -0.0549551073566408, -0.439920442006636, -0.213077791559808,
  // f 93//121 113//121 65//121
  -0.0207918567811863, -0.272851951034237, -0.183156496118779,
  -0.0766466045048965, -0.261983402535875, -0.182848404834898,
  -0.11364854308307, -0.425081978495479, -0.212351506793821,
  // f 114//122 94//122 68//122
  -0.0766466045048965, -0.261983402535875, -0.182848404834898,
  -0.0207918567811863, -0.272851951034237, -0.183156496118779,
  -0.11364854308307, -0.425081978495479, -0.212351506793821,
  // f 65//123 113//123 69//123
  -0.11364854308307, -0.425081978495479, -0.212351506793821,
  -0.0766466045048965, -0.261983402535875, -0.182848404834898,
  -0.16707461169798, -0.415401559382205, -0.180395366832686,
  // f 114//124 68//124 72//124
  -0.0766466045048965, -0.261983402535875, -0.182848404834898,
  -0.11364854308307, -0.425081978495479, -0.212351506793821,
  -0.16707461169798, -0.415401559382205, -0.180395366832686,
  // f 74//125 69//125 115//125
  -0.204651809902983, -0.412796327013952, -0.123538591669559,
  -0.16707461169798, -0.415401559382205, -0.180395366832686,
  -0.127482250958748, -0.255657300481076, -0.153151795826706,
  // f 72//126 77//126 116//126
  -0.16707461169798, -0.415401559382205, -0.180395366832686,
  -0.204651809902983, -0.412796327013952, -0.123538591669559,
  -0.127482250958748, -0.255657300481076, -0.153151795826706,
  // f 74//127 115//127 95//127
  -0.204651809902983, -0.412796327013952, -0.123538591669559,
  -0.127482250958748, -0.255657300481076, -0.153151795826706,
  -0.163230388575194, -0.255127445831567, -0.0999480751908652,
  // f 116//128 77//128 97//128
  -0.127482250958748, -0.255657300481076, -0.153151795826706,
  -0.204651809902983, -0.412796327013952, -0.123538591669559,
  -0.163230388575194, -0.255127445831567, -0.0999480751908652,
  // f 118//129 96//129 117//129
  -0.161653686122389, -0.0803703137424469, -0.0122856793202628,
  -0.176810374217087, -0.260498484393449, -0.0337750950887683,
  -0.146335254975432, -0.074260128918856, -0.0868704673667107,
  // f 95//130 117//130 96//130
  -0.163230388575194, -0.255127445831567, -0.0999480751908652,
  -0.146335254975432, -0.074260128918856, -0.0868704673667107,
  -0.176810374217087, -0.260498484393449, -0.0337750950887683,
  // f 119//131 97//131 98//131
  -0.146335254975432, -0.074260128918856, -0.0868704673667107,
  -0.163230388575194, -0.255127445831567, -0.0999480751908652,
  -0.176810374217087, -0.260498484393449, -0.0337750950887683,
  // f 98//132 120//132 119//132
  -0.176810374217087, -0.260498484393449, -0.0337750950887683,
  -0.161653686122389, -0.0803703137424469, -0.0122856793202628,
  -0.146335254975432, -0.074260128918856, -0.0868704673667107,
  // f 121//133 99//133 118//133
  -0.148930548915174, -0.0918209423577937, 0.06215802201554,
  -0.165532791180543, -0.270706419702464, 0.0322606957256294,
  -0.161653686122389, -0.0803703137424469, -0.0122856793202628,
  // f 96//134 118//134 99//134
  -0.176810374217087, -0.260498484393449, -0.0337750950887683,
  -0.161653686122389, -0.0803703137424469, -0.0122856793202628,
  -0.165532791180543, -0.270706419702464, 0.0322606957256294,
  // f 120//135 98//135 100//135
  -0.161653686122389, -0.0803703137424469, -0.0122856793202628,
  -0.176810374217087, -0.260498484393449, -0.0337750950887683,
  -0.165532791180543, -0.270706419702464, 0.0322606957256294,
  // f 100//136 122//136 120//136
  -0.165532791180543, -0.270706419702464, 0.0322606957256294,
  -0.148930548915174, -0.0918209423577937, 0.06215802201554,
  -0.161653686122389, -0.0803703137424469, -0.0122856793202628,
  // f 123//137 80//137 99//137
  -0.131631252555912, -0.283729463605374, 0.0850805202012896,
  -0.207101729966839, -0.429372066803288, 0.0171305101069642,
  -0.165532791180543, -0.270706419702464, 0.0322606957256294,
  // f 82//138 124//138 100//138
  -0.207101729966839, -0.429372066803288, 0.0171305101069642,
  -0.131631252555912, -0.283729463605374, 0.0850805202012896,
  -0.165532791180543, -0.270706419702464, 0.0322606957256294,
  // f 83//139 80//139 123//139
  -0.171489222668914, -0.445270044742315, 0.0730817190485878,
  -0.207101729966839, -0.429372066803288, 0.0171305101069642,
  -0.131631252555912, -0.283729463605374, 0.0850805202012896,
  // f 82//140 84//140 124//140
  -0.207101729966839, -0.429372066803288, 0.0171305101069642,
  -0.171489222668914, -0.445270044742315, 0.0730817190485878,
  -0.131631252555912, -0.283729463605374, 0.0850805202012896,
  // f 83//141 123//141 101//141
  -0.171489222668914, -0.445270044742315, 0.0730817190485878,
  -0.131631252555912, -0.283729463605374, 0.0850805202012896,
  -0.0818202385945637, -0.296988691338813, 0.114222136181971,
  // f 124//142 84//142 102//142
  -0.131631252555912, -0.283729463605374, 0.0850805202012896,
  -0.171489222668914, -0.445270044742315, 0.0730817190485878,
  -0.0818202385945637, -0.296988691338813, 0.114222136181971,
  // f 85//143 101//143 125//143
  -0.0259656857420009, -0.307857434708322, 0.113914239769237,
  -0.0818202385945637, -0.296988691338813, 0.114222136181971,
  0.00851520480355262, -0.133062302745478, 0.154276536411451,
  // f 126//144 125//144 101//144
  -0.0544938473509818, -0.121062916979335, 0.154593202025814,
  0.00851520480355262, -0.133062302745478, 0.154276536411451,
  -0.0818202385945637, -0.296988691338813, 0.114222136181971,
  // f 128//145 127//145 102//145
  0.00851520480355262, -0.133062302745478, 0.154276536411451,
  -0.0544938473509818, -0.121062916979335, 0.154593202025814,
  -0.0818202385945637, -0.296988691338813, 0.114222136181971,
  // f 102//146 86//146 128//146
  -0.0818202385945637, -0.296988691338813, 0.114222136181971,
  -0.0259656857420009, -0.307857434708322, 0.113914239769237,
  0.00851520480355262, -0.133062302745478, 0.154276536411451,
  // f 103//147 85//147 129//147
  0.0248701555829982, -0.314183341891974, 0.084217435889898,
  -0.0259656857420009, -0.307857434708322, 0.113914239769237,
  0.0658620809021387, -0.139966197752022, 0.120829242431177,
  // f 125//148 129//148 85//148
  0.00851520480355262, -0.133062302745478, 0.154276536411451,
  0.0658620809021387, -0.139966197752022, 0.120829242431177,
  -0.0259656857420009, -0.307857434708322, 0.113914239769237,
  // f 130//149 128//149 86//149
  0.0658620809021387, -0.139966197752022, 0.120829242431177,
  0.00851520480355262, -0.133062302745478, 0.154276536411451,
  -0.0259656857420009, -0.307857434708322, 0.113914239769237,
  // f 86//150 104//150 130//150
  -0.0259656857420009, -0.307857434708322, 0.113914239769237,
  0.0248701555829982, -0.314183341891974, 0.084217435889898,
  0.0658620809021387, -0.139966197752022, 0.120829242431177,
  // f 103//151 88//151 39//151
  0.0248701555829982, -0.314183341891974, 0.084217435889898,
  0.0606180983282962, -0.314713001670335, 0.0310137152540568,
  -0.00703395378180757, -0.486846778374503, 0.0710464847861868,
  // f 90//152 104//152 42//152
  0.0606180983282962, -0.314713001670335, 0.0310137152540568,
  0.0248701555829982, -0.314183341891974, 0.084217435889898,
  -0.00703395378180757, -0.486846778374503, 0.0710464847861868,
  // f 129//153 106//153 103//153
  0.0658620809021387, -0.139966197752022, 0.120829242431177,
  0.10618852125325, -0.140406216802625, 0.0608761596086007,
  0.0248701555829982, -0.314183341891974, 0.084217435889898,
  // f 88//154 103//154 106//154
  0.0606180983282962, -0.314713001670335, 0.0310137152540568,
  0.0248701555829982, -0.314183341891974, 0.084217435889898,
  0.10618852125325, -0.140406216802625, 0.0608761596086007,
  // f 104//155 90//155 108//155
  0.0248701555829982, -0.314183341891974, 0.084217435889898,
  0.0606180983282962, -0.314713001670335, 0.0310137152540568,
  0.10618852125325, -0.140406216802625, 0.0608761596086007,
  // f 108//156 130//156 104//156
  0.10618852125325, -0.140406216802625, 0.0608761596086007,
  0.0658620809021387, -0.139966197752022, 0.120829242431177,
  0.0248701555829982, -0.314183341891974, 0.084217435889898,
  // f 132//157 131//157 106//157
  0.171572468079929, 0.0253940527431456, 0.096119580953539,
  0.189829166385875, 0.032608182616191, 0.00714823558652257,
  0.10618852125325, -0.140406216802625, 0.0608761596086007,
  // f 105//158 106//158 131//158
  0.121506952400207, -0.134295837107887, -0.0137086284378472,
  0.10618852125325, -0.140406216802625, 0.0608761596086007,
  0.189829166385875, 0.032608182616191, 0.00714823558652257,
  // f 108//159 107//159 133//159
  0.10618852125325, -0.140406216802625, 0.0608761596086007,
  0.121506952400207, -0.134295837107887, -0.0137086284378472,
  0.189829166385875, 0.032608182616191, 0.00714823558652257,
  // f 133//160 134//160 108//160
  0.189829166385875, 0.032608182616191, 0.00714823558652257,
  0.171572468079929, 0.0253940527431456, 0.096119580953539,
  0.10618852125325, -0.140406216802625, 0.0608761596086007,
  // f 131//161 135//161 105//161
  0.189829166385875, 0.032608182616191, 0.00714823558652257,
  0.174668191125937, 0.0463407523664208, -0.0816368129636751,
  0.121506952400207, -0.134295837107887, -0.0137086284378472,
  // f 109//162 105//162 135//162
  0.108784010064138, -0.122845403363687, -0.0881525246447973,
  0.121506952400207, -0.134295837107887, -0.0137086284378472,
  0.174668191125937, 0.0463407523664208, -0.0816368129636751,
  // f 107//163 110//163 136//163
  0.121506952400207, -0.134295837107887, -0.0137086284378472,
  0.108784010064138, -0.122845403363687, -0.0881525246447973,
  0.174668191125937, 0.0463407523664208, -0.0816368129636751,
  // f 136//164 133//164 107//164
  0.174668191125937, 0.0463407523664208, -0.0816368129636751,
  0.189829166385875, 0.032608182616191, 0.00714823558652257,
  0.121506952400207, -0.134295837107887, -0.0137086284378472,
  // f 109//165 137//165 91//165
  0.108784010064138, -0.122845403363687, -0.0881525246447973,
  0.0705389884373383, -0.108322631111156, -0.147710993394091,
  0.0629206958047928, -0.299134222670585, -0.101195055662438,
  // f 111//166 91//166 137//166
  0.0290191571801621, -0.286111178767675, -0.154014685266951,
  0.0629206958047928, -0.299134222670585, -0.101195055662438,
  0.0705389884373383, -0.108322631111156, -0.147710993394091,
  // f 92//167 112//167 138//167
  0.0629206958047928, -0.299134222670585, -0.101195055662438,
  0.0290191571801621, -0.286111178767675, -0.154014685266951,
  0.0705389884373383, -0.108322631111156, -0.147710993394091,
  // f 138//168 110//168 92//168
  0.0705389884373383, -0.108322631111156, -0.147710993394091,
  0.108784010064138, -0.122845403363687, -0.0881525246447973,
  0.0629206958047928, -0.299134222670585, -0.101195055662438,
  // f 111//169 57//169 91//169
  0.0290191571801621, -0.286111178767675, -0.154014685266951,
  -0.00261934281087378, -0.456978293014393, -0.18243040622394,
  0.0629206958047928, -0.299134222670585, -0.101195055662438,
  // f 60//170 112//170 92//170
  -0.00261934281087378, -0.456978293014393, -0.18243040622394,
  0.0290191571801621, -0.286111178767675, -0.154014685266951,
  0.0629206958047928, -0.299134222670585, -0.101195055662438,
  // f 111//171 137//171 93//171
  0.0290191571801621, -0.286111178767675, -0.154014685266951,
  0.0705389884373383, -0.108322631111156, -0.147710993394091,
  -0.0207918567811863, -0.272851951034237, -0.183156496118779,
  // f 139//172 93//172 137//172
  0.0143471136287992, -0.0936034287421467, -0.180587704655071,
  -0.0207918567811863, -0.272851951034237, -0.183156496118779,
  0.0705389884373383, -0.108322631111156, -0.147710993394091,
  // f 94//173 140//173 138//173
  -0.0207918567811863, -0.272851951034237, -0.183156496118779,
  0.0143471136287992, -0.0936034287421467, -0.180587704655071,
  0.0705389884373383, -0.108322631111156, -0.147710993394091,
  // f 138//174 112//174 94//174
  0.0705389884373383, -0.108322631111156, -0.147710993394091,
  0.0290191571801621, -0.286111178767675, -0.154014685266951,
  -0.0207918567811863, -0.272851951034237, -0.183156496118779,
  // f 93//175 139//175 113//175
  -0.0207918567811863, -0.272851951034237, -0.183156496118779,
  0.0143471136287992, -0.0936034287421467, -0.180587704655071,
  -0.0766466045048965, -0.261983402535875, -0.182848404834898,
  // f 141//176 113//176 139//176
  -0.0486619385257352, -0.0816040429760029, -0.180271233911856,
  -0.0766466045048965, -0.261983402535875, -0.182848404834898,
  0.0143471136287992, -0.0936034287421467, -0.180587704655071,
  // f 114//177 142//177 140//177
  -0.0766466045048965, -0.261983402535875, -0.182848404834898,
  -0.0486619385257352, -0.0816040429760029, -0.180271233911856,
  0.0143471136287992, -0.0936034287421467, -0.180587704655071,
  // f 140//178 94//178 114//178
  0.0143471136287992, -0.0936034287421467, -0.180587704655071,
  -0.0207918567811863, -0.272851951034237, -0.183156496118779,
  -0.0766466045048965, -0.261983402535875, -0.182848404834898,
  // f 113//179 115//179 69//179
  -0.0766466045048965, -0.261983402535875, -0.182848404834898,
  -0.127482250958748, -0.255657300481076, -0.153151795826706,
  -0.16707461169798, -0.415401559382205, -0.180395366832686,
  // f 116//180 114//180 72//180
