/*
created with obj2opengl.pl

source file    : .\torso.obj
vertices       : 336
faces          : 608
normals        : 574
texture coords : 0


// include generated arrays
#import ".\torso.h"

// set input data to arrays
glVertexPointer(3, GL_FLOAT, 0, torsoVerts);
glNormalPointer(GL_FLOAT, 0, torsoNormals);

// draw data
glDrawArrays(GL_TRIANGLES, 0, torsoNumVerts);
*/

unsigned int torsoNumVerts = 1824;

float torsoVerts [] = {
  // f 3//1 1//1 2//1
  -0.074723043550273, 0.495056788773498, 0.0305592671955856,
  -0.0679149613553575, 0.497170928038046, -0.0303004385319721,
  -0.0587751247383464, 0.49115047084027, 0.089594300718846,
  // f 2//2 1//2 4//2
  -0.0587751247383464, 0.49115047084027, 0.089594300718846,
  -0.0679149613553575, 0.497170928038046, -0.0303004385319721,
  -0.039699359881707, 0.497077108674645, -0.0809308588884857,
  // f 5//3 2//3 4//3
  -0.023229713878183, 0.486228157849721, 0.135112252253136,
  -0.0587751247383464, 0.49115047084027, 0.089594300718846,
  -0.039699359881707, 0.497077108674645, -0.0809308588884857,
  // f 6//4 5//4 4//4
  0.00433533039997996, 0.494793636900543, -0.11130407689265,
  -0.023229713878183, 0.486228157849721, 0.135112252253136,
  -0.039699359881707, 0.497077108674645, -0.0809308588884857,
  // f 7//5 5//5 6//5
  0.0248728467039547, 0.48126259642092, 0.158097309803306,
  -0.023229713878183, 0.486228157849721, 0.135112252253136,
  0.00433533039997996, 0.494793636900543, -0.11130407689265,
  // f 8//6 7//6 6//6
  0.0554677987645483, 0.490770845660068, -0.115403983073287,
  0.0248728467039547, 0.48126259642092, 0.158097309803306,
  0.00433533039997996, 0.494793636900543, -0.11130407689265,
  // f 9//6 7//6 8//6
  0.0760053150685231, 0.477239805180446, 0.153997174794954,
  0.0248728467039547, 0.48126259642092, 0.158097309803306,
  0.0554677987645483, 0.490770845660068, -0.115403983073287,
  // f 10//7 9//7 8//7
  0.103570359346686, 0.485807343680708, -0.0924189255231165,
  0.0760053150685231, 0.477239805180446, 0.153997174794954,
  0.0554677987645483, 0.490770845660068, -0.115403983073287,
  // f 11//8 9//8 10//8
  0.12004000535021, 0.474956333406344, 0.123624185618505,
  0.0760053150685231, 0.477239805180446, 0.153997174794954,
  0.103570359346686, 0.485807343680708, -0.0924189255231165,
  // f 12//9 11//9 10//9
  0.139115770206849, 0.480885030690159, -0.0469012028165423,
  0.12004000535021, 0.474956333406344, 0.123624185618505,
  0.103570359346686, 0.485807343680708, -0.0924189255231165,
  // f 13//10 11//10 12//10
  0.148255606823861, 0.474862514042943, 0.0729937652619915,
  0.12004000535021, 0.474956333406344, 0.123624185618505,
  0.139115770206849, 0.480885030690159, -0.0469012028165423,
  // f 14//11 13//11 12//11
  0.155063689018776, 0.476979170412362, 0.0121338307067181,
  0.148255606823861, 0.474862514042943, 0.0729937652619915,
  0.139115770206849, 0.480885030690159, -0.0469012028165423,
  // f 17//12 15//12 16//12
  0.148255606823861, 0.474862514042943, 0.0729937652619915,
  0.155063689018776, 0.476979170412362, 0.0121338307067181,
  0.139115770206849, 0.480885030690159, -0.0469012028165423,
  // f 18//13 17//13 16//13
  0.12004000535021, 0.474956333406344, 0.123624185618505,
  0.148255606823861, 0.474862514042943, 0.0729937652619915,
  0.139115770206849, 0.480885030690159, -0.0469012028165423,
  // f 18//14 16//14 19//14
  0.12004000535021, 0.474956333406344, 0.123624185618505,
  0.139115770206849, 0.480885030690159, -0.0469012028165423,
  0.103570359346686, 0.485807343680708, -0.0924189255231165,
  // f 20//15 18//15 19//15
  0.0760053150685231, 0.477239805180446, 0.153997174794954,
  0.12004000535021, 0.474956333406344, 0.123624185618505,
  0.103570359346686, 0.485807343680708, -0.0924189255231165,
  // f 20//16 19//16 21//16
  0.0760053150685231, 0.477239805180446, 0.153997174794954,
  0.103570359346686, 0.485807343680708, -0.0924189255231165,
  0.0554677987645483, 0.490770845660068, -0.115403983073287,
  // f 22//17 20//17 21//17
  0.0248728467039547, 0.48126259642092, 0.158097309803306,
  0.0760053150685231, 0.477239805180446, 0.153997174794954,
  0.0554677987645483, 0.490770845660068, -0.115403983073287,
  // f 22//17 21//17 23//17
  0.0248728467039547, 0.48126259642092, 0.158097309803306,
  0.0554677987645483, 0.490770845660068, -0.115403983073287,
  0.00433533039997996, 0.494793636900543, -0.11130407689265,
  // f 24//18 22//18 23//18
  -0.023229713878183, 0.486228157849721, 0.135112252253136,
  0.0248728467039547, 0.48126259642092, 0.158097309803306,
  0.00433533039997996, 0.494793636900543, -0.11130407689265,
  // f 24//19 23//19 25//19
  -0.023229713878183, 0.486228157849721, 0.135112252253136,
  0.00433533039997996, 0.494793636900543, -0.11130407689265,
  -0.039699359881707, 0.497077108674645, -0.0809308588884857,
  // f 26//20 24//20 25//20
  -0.0587751247383464, 0.49115047084027, 0.089594300718846,
  -0.023229713878183, 0.486228157849721, 0.135112252253136,
  -0.039699359881707, 0.497077108674645, -0.0809308588884857,
  // f 26//21 25//21 27//21
  -0.0587751247383464, 0.49115047084027, 0.089594300718846,
  -0.039699359881707, 0.497077108674645, -0.0809308588884857,
  -0.0679149613553575, 0.497170928038046, -0.0303004385319721,
  // f 27//22 28//22 26//22
  -0.0679149613553575, 0.497170928038046, -0.0303004385319721,
  -0.074723043550273, 0.495056788773498, 0.0305592671955856,
  -0.0587751247383464, 0.49115047084027, 0.089594300718846,
  // f 9//23 11//23 29//23
  0.0760053150685231, 0.477239805180446, 0.153997174794954,
  0.12004000535021, 0.474956333406344, 0.123624185618505,
  0.10366509402095, 0.444780822548469, 0.262940677231969,
  // f 30//24 29//24 11//24
  0.184232357927954, 0.440599911356505, 0.207369408839942,
  0.10366509402095, 0.444780822548469, 0.262940677231969,
  0.12004000535021, 0.474956333406344, 0.123624185618505,
  // f 32//25 31//25 18//25
  0.10366509402095, 0.444780822548469, 0.262940677231969,
  0.184232357927954, 0.440599911356505, 0.207369408839942,
  0.12004000535021, 0.474956333406344, 0.123624185618505,
  // f 18//26 20//26 32//26
  0.12004000535021, 0.474956333406344, 0.123624185618505,
  0.0760053150685231, 0.477239805180446, 0.153997174794954,
  0.10366509402095, 0.444780822548469, 0.262940677231969,
  // f 33//27 7//27 29//27
  0.010112086080628, 0.452139693054865, 0.270442336232908,
  0.0248728467039547, 0.48126259642092, 0.158097309803306,
  0.10366509402095, 0.444780822548469, 0.262940677231969,
  // f 9//28 29//28 7//28
  0.0760053150685231, 0.477239805180446, 0.153997174794954,
  0.10366509402095, 0.444780822548469, 0.262940677231969,
  0.0248728467039547, 0.48126259642092, 0.158097309803306,
  // f 32//29 20//29 22//29
  0.10366509402095, 0.444780822548469, 0.262940677231969,
  0.0760053150685231, 0.477239805180446, 0.153997174794954,
  0.0248728467039547, 0.48126259642092, 0.158097309803306,
  // f 22//30 34//30 32//30
  0.0248728467039547, 0.48126259642092, 0.158097309803306,
  0.010112086080628, 0.452139693054865, 0.270442336232908,
  0.10366509402095, 0.444780822548469, 0.262940677231969,
  // f 35//31 5//31 33//31
  -0.0778973416212553, 0.461221865087542, 0.22838814982985,
  -0.023229713878183, 0.486228157849721, 0.135112252253136,
  0.010112086080628, 0.452139693054865, 0.270442336232908,
  // f 7//32 33//32 5//32
  0.0248728467039547, 0.48126259642092, 0.158097309803306,
  0.010112086080628, 0.452139693054865, 0.270442336232908,
  -0.023229713878183, 0.486228157849721, 0.135112252253136,
  // f 34//33 22//33 24//33
  0.010112086080628, 0.452139693054865, 0.270442336232908,
  0.0248728467039547, 0.48126259642092, 0.158097309803306,
  -0.023229713878183, 0.486228157849721, 0.135112252253136,
  // f 24//34 36//34 34//34
  -0.023229713878183, 0.486228157849721, 0.135112252253136,
  -0.0778973416212553, 0.461221865087542, 0.22838814982985,
  0.010112086080628, 0.452139693054865, 0.270442336232908,
  // f 37//35 2//35 35//35
  -0.142932237847886, 0.470228752801781, 0.145107675698824,
  -0.0587751247383464, 0.49115047084027, 0.089594300718846,
  -0.0778973416212553, 0.461221865087542, 0.22838814982985,
  // f 5//36 35//36 2//36
  -0.023229713878183, 0.486228157849721, 0.135112252253136,
  -0.0778973416212553, 0.461221865087542, 0.22838814982985,
  -0.0587751247383464, 0.49115047084027, 0.089594300718846,
  // f 36//37 24//37 26//37
  -0.0778973416212553, 0.461221865087542, 0.22838814982985,
  -0.023229713878183, 0.486228157849721, 0.135112252253136,
  -0.0587751247383464, 0.49115047084027, 0.089594300718846,
  // f 26//38 38//38 36//38
  -0.0587751247383464, 0.49115047084027, 0.089594300718846,
  -0.142932237847886, 0.470228752801781, 0.145107675698824,
  -0.0778973416212553, 0.461221865087542, 0.22838814982985,
  // f 39//39 3//39 37//39
  -0.172111204004267, 0.477375042360373, 0.0370957308920686,
  -0.074723043550273, 0.495056788773498, 0.0305592671955856,
  -0.142932237847886, 0.470228752801781, 0.145107675698824,
  // f 2//40 37//40 3//40
  -0.0587751247383464, 0.49115047084027, 0.089594300718846,
  -0.142932237847886, 0.470228752801781, 0.145107675698824,
  -0.074723043550273, 0.495056788773498, 0.0305592671955856,
  // f 38//41 26//41 28//41
  -0.142932237847886, 0.470228752801781, 0.145107675698824,
  -0.0587751247383464, 0.49115047084027, 0.089594300718846,
  -0.074723043550273, 0.495056788773498, 0.0305592671955856,
  // f 28//42 40//42 38//42
  -0.074723043550273, 0.495056788773498, 0.0305592671955856,
  -0.172111204004267, 0.477375042360373, 0.0370957308920686,
  -0.142932237847886, 0.470228752801781, 0.145107675698824,
  // f 39//43 41//43 3//43
  -0.172111204004267, 0.477375042360373, 0.0370957308920686,
  -0.159654967304878, 0.481247036136259, -0.0742550391131945,
  -0.074723043550273, 0.495056788773498, 0.0305592671955856,
  // f 1//44 3//44 41//44
  -0.0679149613553575, 0.497170928038046, -0.0303004385319721,
  -0.074723043550273, 0.495056788773498, 0.0305592671955856,
  -0.159654967304878, 0.481247036136259, -0.0742550391131945,
  // f 28//45 27//45 42//45
  -0.074723043550273, 0.495056788773498, 0.0305592671955856,
  -0.0679149613553575, 0.497170928038046, -0.0303004385319721,
  -0.159654967304878, 0.481247036136259, -0.0742550391131945,
  // f 42//46 40//46 28//46
  -0.159654967304878, 0.481247036136259, -0.0742550391131945,
  -0.172111204004267, 0.477375042360373, 0.0370957308920686,
  -0.074723043550273, 0.495056788773498, 0.0305592671955856,
  // f 43//47 1//47 41//47
  -0.108030977007173, 0.481075415349549, -0.166889761430762,
  -0.0679149613553575, 0.497170928038046, -0.0303004385319721,
  -0.159654967304878, 0.481247036136259, -0.0742550391131945,
  // f 4//48 1//48 43//48
  -0.039699359881707, 0.497077108674645, -0.0809308588884857,
  -0.0679149613553575, 0.497170928038046, -0.0303004385319721,
  -0.108030977007173, 0.481075415349549, -0.166889761430762,
  // f 27//49 25//49 44//49
  -0.0679149613553575, 0.497170928038046, -0.0303004385319721,
  -0.039699359881707, 0.497077108674645, -0.0809308588884857,
  -0.108030977007173, 0.481075415349549, -0.166889761430762,
  // f 44//50 42//50 27//50
  -0.108030977007173, 0.481075415349549, -0.166889761430762,
  -0.159654967304878, 0.481247036136259, -0.0742550391131945,
  -0.0679149613553575, 0.497170928038046, -0.0303004385319721,
  // f 43//51 45//51 4//51
  -0.108030977007173, 0.481075415349549, -0.166889761430762,
  -0.0274637131001688, 0.476894504157585, -0.222461029822789,
  -0.039699359881707, 0.497077108674645, -0.0809308588884857,
  // f 6//52 4//52 45//52
  0.00433533039997996, 0.494793636900543, -0.11130407689265,
  -0.039699359881707, 0.497077108674645, -0.0809308588884857,
  -0.0274637131001688, 0.476894504157585, -0.222461029822789,
  // f 25//53 23//53 46//53
  -0.039699359881707, 0.497077108674645, -0.0809308588884857,
  0.00433533039997996, 0.494793636900543, -0.11130407689265,
  -0.0274637131001688, 0.476894504157585, -0.222461029822789,
  // f 46//54 44//54 25//54
  -0.0274637131001688, 0.476894504157585, -0.222461029822789,
  -0.108030977007173, 0.481075415349549, -0.166889761430762,
  -0.039699359881707, 0.497077108674645, -0.0809308588884857,
  // f 45//55 47//55 6//55
  -0.0274637131001688, 0.476894504157585, -0.222461029822789,
  0.066089294840153, 0.46953563365119, -0.229962688823728,
  0.00433533039997996, 0.494793636900543, -0.11130407689265,
  // f 8//56 6//56 47//56
  0.0554677987645483, 0.490770845660068, -0.115403983073287,
  0.00433533039997996, 0.494793636900543, -0.11130407689265,
  0.066089294840153, 0.46953563365119, -0.229962688823728,
  // f 23//57 21//57 48//57
  0.00433533039997996, 0.494793636900543, -0.11130407689265,
  0.0554677987645483, 0.490770845660068, -0.115403983073287,
  0.066089294840153, 0.46953563365119, -0.229962688823728,
  // f 48//58 46//58 23//58
  0.066089294840153, 0.46953563365119, -0.229962688823728,
  -0.0274637131001688, 0.476894504157585, -0.222461029822789,
  0.00433533039997996, 0.494793636900543, -0.11130407689265,
  // f 8//59 47//59 10//59
  0.0554677987645483, 0.490770845660068, -0.115403983073287,
  0.066089294840153, 0.46953563365119, -0.229962688823728,
  0.103570359346686, 0.485807343680708, -0.0924189255231165,
  // f 49//60 10//60 47//60
  0.154098722542036, 0.460453461618513, -0.18790850242067,
  0.103570359346686, 0.485807343680708, -0.0924189255231165,
  0.066089294840153, 0.46953563365119, -0.229962688823728,
  // f 19//61 50//61 48//61
  0.103570359346686, 0.485807343680708, -0.0924189255231165,
  0.154098722542036, 0.460453461618513, -0.18790850242067,
  0.066089294840153, 0.46953563365119, -0.229962688823728,
  // f 48//62 21//62 19//62
  0.066089294840153, 0.46953563365119, -0.229962688823728,
  0.0554677987645483, 0.490770845660068, -0.115403983073287,
  0.103570359346686, 0.485807343680708, -0.0924189255231165,
  // f 10//63 49//63 12//63
  0.103570359346686, 0.485807343680708, -0.0924189255231165,
  0.154098722542036, 0.460453461618513, -0.18790850242067,
  0.139115770206849, 0.480885030690159, -0.0469012028165423,
  // f 51//64 12//64 49//64
  0.219133389940952, 0.451446802731989, -0.104628028289644,
  0.139115770206849, 0.480885030690159, -0.0469012028165423,
  0.154098722542036, 0.460453461618513, -0.18790850242067,
  // f 16//65 52//65 50//65
  0.139115770206849, 0.480885030690159, -0.0469012028165423,
  0.219133389940952, 0.451446802731989, -0.104628028289644,
  0.154098722542036, 0.460453461618513, -0.18790850242067,
  // f 50//66 19//66 16//66
  0.154098722542036, 0.460453461618513, -0.18790850242067,
  0.103570359346686, 0.485807343680708, -0.0924189255231165,
  0.139115770206849, 0.480885030690159, -0.0469012028165423,
  // f 12//67 51//67 14//67
  0.139115770206849, 0.480885030690159, -0.0469012028165423,
  0.219133389940952, 0.451446802731989, -0.104628028289644,
  0.155063689018776, 0.476979170412362, 0.0121338307067181,
  // f 53//68 14//68 51//68
  0.248312356097333, 0.444300284345682, 0.00338391651711145,
  0.155063689018776, 0.476979170412362, 0.0121338307067181,
  0.219133389940952, 0.451446802731989, -0.104628028289644,
  // f 15//69 54//69 52//69
  0.155063689018776, 0.476979170412362, 0.0121338307067181,
  0.248312356097333, 0.444300284345682, 0.00338391651711145,
  0.219133389940952, 0.451446802731989, -0.104628028289644,
  // f 52//70 16//70 15//70
  0.219133389940952, 0.451446802731989, -0.104628028289644,
  0.139115770206849, 0.480885030690159, -0.0469012028165423,
  0.155063689018776, 0.476979170412362, 0.0121338307067181,
  // f 13//71 14//71 55//71
  0.148255606823861, 0.474862514042943, 0.0729937652619915,
  0.155063689018776, 0.476979170412362, 0.0121338307067181,
  0.235856348225659, 0.440428519397511, 0.114734457694659,
  // f 53//72 55//72 14//72
  0.248312356097333, 0.444300284345682, 0.00338391651711145,
  0.235856348225659, 0.440428519397511, 0.114734457694659,
  0.155063689018776, 0.476979170412362, 0.0121338307067181,
  // f 56//73 54//73 15//73
  0.235856348225659, 0.440428519397511, 0.114734457694659,
  0.248312356097333, 0.444300284345682, 0.00338391651711145,
  0.155063689018776, 0.476979170412362, 0.0121338307067181,
  // f 15//74 17//74 56//74
  0.155063689018776, 0.476979170412362, 0.0121338307067181,
  0.148255606823861, 0.474862514042943, 0.0729937652619915,
  0.235856348225659, 0.440428519397511, 0.114734457694659,
  // f 11//75 13//75 30//75
  0.12004000535021, 0.474956333406344, 0.123624185618505,
  0.148255606823861, 0.474862514042943, 0.0729937652619915,
  0.184232357927954, 0.440599911356505, 0.207369408839942,
  // f 55//76 30//76 13//76
  0.235856348225659, 0.440428519397511, 0.114734457694659,
  0.184232357927954, 0.440599911356505, 0.207369408839942,
  0.148255606823861, 0.474862514042943, 0.0729937652619915,
  // f 31//77 56//77 17//77
  0.184232357927954, 0.440599911356505, 0.207369408839942,
  0.235856348225659, 0.440428519397511, 0.114734457694659,
  0.148255606823861, 0.474862514042943, 0.0729937652619915,
  // f 17//78 18//78 31//78
  0.148255606823861, 0.474862514042943, 0.0729937652619915,
  0.12004000535021, 0.474956333406344, 0.123624185618505,
  0.184232357927954, 0.440599911356505, 0.207369408839942,
  // f 29//79 30//79 57//79
  0.10366509402095, 0.444780822548469, 0.262940677231969,
  0.184232357927954, 0.440599911356505, 0.207369408839942,
  0.121717312505653, 0.385395453792605, 0.34379031454004,
  // f 58//80 57//80 30//80
  0.229909802380026, 0.379782309928621, 0.269164333441209,
  0.121717312505653, 0.385395453792605, 0.34379031454004,
  0.184232357927954, 0.440599911356505, 0.207369408839942,
  // f 60//81 59//81 31//81
  0.121717312505653, 0.385395453792605, 0.34379031454004,
  0.229909802380026, 0.379782309928621, 0.269164333441209,
  0.184232357927954, 0.440599911356505, 0.207369408839942,
  // f 31//82 32//82 60//82
  0.184232357927954, 0.440599911356505, 0.207369408839942,
  0.10366509402095, 0.444780822548469, 0.262940677231969,
  0.121717312505653, 0.385395453792605, 0.34379031454004,
  // f 61//83 33//83 57//83
  -0.00391322226471879, 0.395278522829927, 0.353863997064468,
  0.010112086080628, 0.452139693054865, 0.270442336232908,
  0.121717312505653, 0.385395453792605, 0.34379031454004,
  // f 29//84 57//84 33//84
  0.10366509402095, 0.444780822548469, 0.262940677231969,
  0.121717312505653, 0.385395453792605, 0.34379031454004,
  0.010112086080628, 0.452139693054865, 0.270442336232908,
  // f 60//85 32//85 34//85
  0.121717312505653, 0.385395453792605, 0.34379031454004,
  0.10366509402095, 0.444780822548469, 0.262940677231969,
  0.010112086080628, 0.452139693054865, 0.270442336232908,
  // f 34//86 62//86 60//86
  0.010112086080628, 0.452139693054865, 0.270442336232908,
  -0.00391322226471879, 0.395278522829927, 0.353863997064468,
  0.121717312505653, 0.385395453792605, 0.34379031454004,
  // f 63//87 35//87 61//87
  -0.122099762618487, 0.407475268899811, 0.297390232162063,
  -0.0778973416212553, 0.461221865087542, 0.22838814982985,
  -0.00391322226471879, 0.395278522829927, 0.353863997064468,
  // f 33//88 61//88 35//88
  0.010112086080628, 0.452139693054865, 0.270442336232908,
  -0.00391322226471879, 0.395278522829927, 0.353863997064468,
  -0.0778973416212553, 0.461221865087542, 0.22838814982985,
  // f 62//89 34//89 36//89
  -0.00391322226471879, 0.395278522829927, 0.353863997064468,
  0.010112086080628, 0.452139693054865, 0.270442336232908,
  -0.0778973416212553, 0.461221865087542, 0.22838814982985,
  // f 36//90 64//90 62//90
  -0.0778973416212553, 0.461221865087542, 0.22838814982985,
  -0.122099762618487, 0.407475268899811, 0.297390232162063,
  -0.00391322226471879, 0.395278522829927, 0.353863997064468,
  // f 65//91 37//91 63//91
  -0.209433690903881, 0.419570644291678, 0.1855543473997,
  -0.142932237847886, 0.470228752801781, 0.145107675698824,
  -0.122099762618487, 0.407475268899811, 0.297390232162063,
  // f 35//92 63//92 37//92
  -0.0778973416212553, 0.461221865087542, 0.22838814982985,
  -0.122099762618487, 0.407475268899811, 0.297390232162063,
  -0.142932237847886, 0.470228752801781, 0.145107675698824,
  // f 64//93 36//93 38//93
  -0.122099762618487, 0.407475268899811, 0.297390232162063,
  -0.0778973416212553, 0.461221865087542, 0.22838814982985,
  -0.142932237847886, 0.470228752801781, 0.145107675698824,
  // f 38//94 66//94 64//94
  -0.142932237847886, 0.470228752801781, 0.145107675698824,
  -0.209433690903881, 0.419570644291678, 0.1855543473997,
  -0.122099762618487, 0.407475268899811, 0.297390232162063,
  // f 67//95 39//95 65//95
  -0.248617691270005, 0.4291679075122, 0.0405068656487103,
  -0.172111204004267, 0.477375042360373, 0.0370957308920686,
  -0.209433690903881, 0.419570644291678, 0.1855543473997,
  // f 37//96 65//96 39//96
  -0.142932237847886, 0.470228752801781, 0.145107675698824,
  -0.209433690903881, 0.419570644291678, 0.1855543473997,
  -0.172111204004267, 0.477375042360373, 0.0370957308920686,
  // f 66//97 38//97 40//97
  -0.209433690903881, 0.419570644291678, 0.1855543473997,
  -0.142932237847886, 0.470228752801781, 0.145107675698824,
  -0.172111204004267, 0.477375042360373, 0.0370957308920686,
  // f 40//98 68//98 66//98
  -0.172111204004267, 0.477375042360373, 0.0370957308920686,
  -0.248617691270005, 0.4291679075122, 0.0405068656487103,
  -0.209433690903881, 0.419570644291678, 0.1855543473997,
  // f 67//99 69//99 39//99
  -0.248617691270005, 0.4291679075122, 0.0405068656487103,
  -0.231890614086416, 0.434364813761484, -0.109023808706568,
  -0.172111204004267, 0.477375042360373, 0.0370957308920686,
  // f 41//100 39//100 69//100
  -0.159654967304878, 0.481247036136259, -0.0742550391131945,
  -0.172111204004267, 0.477375042360373, 0.0370957308920686,
  -0.231890614086416, 0.434364813761484, -0.109023808706568,
  // f 40//101 42//101 70//101
  -0.172111204004267, 0.477375042360373, 0.0370957308920686,
  -0.159654967304878, 0.481247036136259, -0.0742550391131945,
  -0.231890614086416, 0.434364813761484, -0.109023808706568,
  // f 70//102 68//102 40//102
  -0.231890614086416, 0.434364813761484, -0.109023808706568,
  -0.248617691270005, 0.4291679075122, 0.0405068656487103,
  -0.172111204004267, 0.477375042360373, 0.0370957308920686,
  // f 69//103 71//103 41//103
  -0.231890614086416, 0.434364813761484, -0.109023808706568,
  -0.162565655847474, 0.434133468941, -0.233421419745217,
  -0.159654967304878, 0.481247036136259, -0.0742550391131945,
  // f 43//104 41//104 71//104
  -0.108030977007173, 0.481075415349549, -0.166889761430762,
  -0.159654967304878, 0.481247036136259, -0.0742550391131945,
  -0.162565655847474, 0.434133468941, -0.233421419745217,
  // f 42//105 44//105 72//105
  -0.159654967304878, 0.481247036136259, -0.0742550391131945,
  -0.108030977007173, 0.481075415349549, -0.166889761430762,
  -0.162565655847474, 0.434133468941, -0.233421419745217,
  // f 72//106 70//106 42//106
  -0.162565655847474, 0.434133468941, -0.233421419745217,
  -0.231890614086416, 0.434364813761484, -0.109023808706568,
  -0.159654967304878, 0.481247036136259, -0.0742550391131945,
  // f 71//107 73//107 43//107
  -0.162565655847474, 0.434133468941, -0.233421419745217,
  -0.0543733948008164, 0.428522842181887, -0.308047400844048,
  -0.108030977007173, 0.481075415349549, -0.166889761430762,
  // f 45//108 43//108 73//108
  -0.0274637131001688, 0.476894504157585, -0.222461029822789,
  -0.108030977007173, 0.481075415349549, -0.166889761430762,
  -0.0543733948008164, 0.428522842181887, -0.308047400844048,
  // f 44//109 46//109 74//109
  -0.108030977007173, 0.481075415349549, -0.166889761430762,
  -0.0274637131001688, 0.476894504157585, -0.222461029822789,
  -0.0543733948008164, 0.428522842181887, -0.308047400844048,
  // f 74//110 72//110 44//110
  -0.0543733948008164, 0.428522842181887, -0.308047400844048,
  -0.162565655847474, 0.434133468941, -0.233421419745217,
  -0.108030977007173, 0.481075415349549, -0.166889761430762,
  // f 73//111 75//111 45//111
  -0.0543733948008164, 0.428522842181887, -0.308047400844048,
  0.0712573687972707, 0.418637027211978, -0.318121083368475,
  -0.0274637131001688, 0.476894504157585, -0.222461029822789,
  // f 47//112 45//112 75//112
  0.066089294840153, 0.46953563365119, -0.229962688823728,
  -0.0274637131001688, 0.476894504157585, -0.222461029822789,
  0.0712573687972707, 0.418637027211978, -0.318121083368475,
  // f 46//113 48//113 76//113
  -0.0274637131001688, 0.476894504157585, -0.222461029822789,
  0.066089294840153, 0.46953563365119, -0.229962688823728,
  0.0712573687972707, 0.418637027211978, -0.318121083368475,
  // f 76//114 74//114 46//114
  0.0712573687972707, 0.418637027211978, -0.318121083368475,
  -0.0543733948008164, 0.428522842181887, -0.308047400844048,
  -0.0274637131001688, 0.476894504157585, -0.222461029822789,
  // f 47//115 75//115 49//115
  0.066089294840153, 0.46953563365119, -0.229962688823728,
  0.0712573687972707, 0.418637027211978, -0.318121083368475,
  0.154098722542036, 0.460453461618513, -0.18790850242067,
  // f 77//115 49//115 75//115
  0.189443909151038, 0.406440967625241, -0.26164731846607,
  0.154098722542036, 0.460453461618513, -0.18790850242067,
  0.0712573687972707, 0.418637027211978, -0.318121083368475,
  // f 50//116 78//116 76//116
  0.154098722542036, 0.460453461618513, -0.18790850242067,
  0.189443909151038, 0.406440967625241, -0.26164731846607,
  0.0712573687972707, 0.418637027211978, -0.318121083368475,
  // f 76//116 48//116 50//116
  0.0712573687972707, 0.418637027211978, -0.318121083368475,
  0.066089294840153, 0.46953563365119, -0.229962688823728,
  0.154098722542036, 0.460453461618513, -0.18790850242067,
  // f 49//117 77//117 51//117
  0.154098722542036, 0.460453461618513, -0.18790850242067,
  0.189443909151038, 0.406440967625241, -0.26164731846607,
  0.219133389940952, 0.451446802731989, -0.104628028289644,
  // f 79//118 51//118 77//118
  0.276777837436432, 0.394347194027382, -0.149811204875992,
  0.219133389940952, 0.451446802731989, -0.104628028289644,
  0.189443909151038, 0.406440967625241, -0.26164731846607,
  // f 52//119 80//119 78//119
  0.219133389940952, 0.451446802731989, -0.104628028289644,
  0.276777837436432, 0.394347194027382, -0.149811204875992,
  0.189443909151038, 0.406440967625241, -0.26164731846607,
  // f 78//120 50//120 52//120
  0.189443909151038, 0.406440967625241, -0.26164731846607,
  0.154098722542036, 0.460453461618513, -0.18790850242067,
  0.219133389940952, 0.451446802731989, -0.104628028289644,
  // f 51//121 79//121 53//121
  0.219133389940952, 0.451446802731989, -0.104628028289644,
  0.276777837436432, 0.394347194027382, -0.149811204875992,
  0.248312356097333, 0.444300284345682, 0.00338391651711145,
  // f 81//122 53//122 79//122
  0.315961837802557, 0.384749930806862, -0.00476395195271763,
  0.248312356097333, 0.444300284345682, 0.00338391651711145,
  0.276777837436432, 0.394347194027382, -0.149811204875992,
  // f 54//123 82//123 80//123
  0.248312356097333, 0.444300284345682, 0.00338391651711145,
  0.315961837802557, 0.384749930806862, -0.00476395195271763,
  0.276777837436432, 0.394347194027382, -0.149811204875992,
  // f 80//124 52//124 54//124
  0.276777837436432, 0.394347194027382, -0.149811204875992,
  0.219133389940952, 0.451446802731989, -0.104628028289644,
  0.248312356097333, 0.444300284345682, 0.00338391651711145,
  // f 55//125 53//125 83//125
  0.235856348225659, 0.440428519397511, 0.114734457694659,
  0.248312356097333, 0.444300284345682, 0.00338391651711145,
  0.299234760618968, 0.379553482213007, 0.14476672240256,
  // f 81//126 83//126 53//126
  0.315961837802557, 0.384749930806862, -0.00476395195271763,
  0.299234760618968, 0.379553482213007, 0.14476672240256,
  0.248312356097333, 0.444300284345682, 0.00338391651711145,
  // f 84//127 82//127 54//127
  0.299234760618968, 0.379553482213007, 0.14476672240256,
  0.315961837802557, 0.384749930806862, -0.00476395195271763,
  0.248312356097333, 0.444300284345682, 0.00338391651711145,
  // f 54//128 56//128 84//128
  0.248312356097333, 0.444300284345682, 0.00338391651711145,
  0.235856348225659, 0.440428519397511, 0.114734457694659,
  0.299234760618968, 0.379553482213007, 0.14476672240256,
  // f 30//129 55//129 58//129
  0.184232357927954, 0.440599911356505, 0.207369408839942,
  0.235856348225659, 0.440428519397511, 0.114734457694659,
  0.229909802380026, 0.379782309928621, 0.269164333441209,
  // f 83//130 58//130 55//130
  0.299234760618968, 0.379553482213007, 0.14476672240256,
  0.229909802380026, 0.379782309928621, 0.269164333441209,
  0.235856348225659, 0.440428519397511, 0.114734457694659,
  // f 59//131 84//131 56//131
  0.229909802380026, 0.379782309928621, 0.269164333441209,
  0.299234760618968, 0.379553482213007, 0.14476672240256,
  0.235856348225659, 0.440428519397511, 0.114734457694659,
  // f 56//132 31//132 59//132
  0.235856348225659, 0.440428519397511, 0.114734457694659,
  0.184232357927954, 0.440599911356505, 0.207369408839942,
  0.229909802380026, 0.379782309928621, 0.269164333441209,
  // f 86//133 85//133 58//133
  0.264112223377258, 0.28578011318255, 0.318372818372904,
  0.133063048301172, 0.292578126957979, 0.408764342594318,
  0.229909802380026, 0.379782309928621, 0.269164333441209,
  // f 57//134 58//134 85//134
  0.121717312505653, 0.385395453792605, 0.34379031454004,
  0.229909802380026, 0.379782309928621, 0.269164333441209,
  0.133063048301172, 0.292578126957979, 0.408764342594318,
  // f 59//135 60//135 87//135
  0.229909802380026, 0.379782309928621, 0.269164333441209,
  0.121717312505653, 0.385395453792605, 0.34379031454004,
  0.133063048301172, 0.292578126957979, 0.408764342594318,
  // f 87//136 88//136 59//136
  0.133063048301172, 0.292578126957979, 0.408764342594318,
  0.264112223377258, 0.28578011318255, 0.318372818372904,
  0.229909802380026, 0.379782309928621, 0.269164333441209,
  // f 85//137 89//137 57//137
  0.133063048301172, 0.292578126957979, 0.408764342594318,
  -0.0191082978922788, 0.304548333589406, 0.420966122873946,
  0.121717312505653, 0.385395453792605, 0.34379031454004,
  // f 61//138 57//138 89//138
  -0.00391322226471879, 0.395278522829927, 0.353863997064468,
  0.121717312505653, 0.385395453792605, 0.34379031454004,
  -0.0191082978922788, 0.304548333589406, 0.420966122873946,
  // f 60//139 62//139 90//139
  0.121717312505653, 0.385395453792605, 0.34379031454004,
  -0.00391322226471879, 0.395278522829927, 0.353863997064468,
  -0.0191082978922788, 0.304548333589406, 0.420966122873946,
  // f 90//140 87//140 60//140
  -0.0191082978922788, 0.304548333589406, 0.420966122873946,
  0.133063048301172, 0.292578126957979, 0.408764342594318,
  0.121717312505653, 0.385395453792605, 0.34379031454004,
  // f 89//141 91//141 61//141
  -0.0191082978922788, 0.304548333589406, 0.420966122873946,
  -0.162263145607434, 0.319321450909376, 0.352561738534914,
  -0.00391322226471879, 0.395278522829927, 0.353863997064468,
  // f 63//142 61//142 91//142
  -0.122099762618487, 0.407475268899811, 0.297390232162063,
  -0.00391322226471879, 0.395278522829927, 0.353863997064468,
  -0.162263145607434, 0.319321450909376, 0.352561738534914,
  // f 62//143 64//143 92//143
  -0.00391322226471879, 0.395278522829927, 0.353863997064468,
  -0.122099762618487, 0.407475268899811, 0.297390232162063,
  -0.162263145607434, 0.319321450909376, 0.352561738534914,
  // f 92//144 90//144 62//144
  -0.162263145607434, 0.319321450909376, 0.352561738534914,
  -0.0191082978922788, 0.304548333589406, 0.420966122873946,
  -0.00391322226471879, 0.395278522829927, 0.353863997064468,
  // f 93//145 65//145 91//145
  -0.268047223774982, 0.33397123009063, 0.217099392135519,
  -0.209433690903881, 0.419570644291678, 0.1855543473997,
  -0.162263145607434, 0.319321450909376, 0.352561738534914,
  // f 63//146 91//146 65//146
  -0.122099762618487, 0.407475268899811, 0.297390232162063,
  -0.162263145607434, 0.319321450909376, 0.352561738534914,
  -0.209433690903881, 0.419570644291678, 0.1855543473997,
  // f 92//147 64//147 66//147
  -0.162263145607434, 0.319321450909376, 0.352561738534914,
  -0.122099762618487, 0.407475268899811, 0.297390232162063,
  -0.209433690903881, 0.419570644291678, 0.1855543473997,
  // f 66//148 94//148 92//148
  -0.209433690903881, 0.419570644291678, 0.1855543473997,
  -0.268047223774982, 0.33397123009063, 0.217099392135519,
  -0.162263145607434, 0.319321450909376, 0.352561738534914,
  // f 93//149 95//149 65//149
  -0.268047223774982, 0.33397123009063, 0.217099392135519,
  -0.315509066753403, 0.345595678043767, 0.041409133331372,
  -0.209433690903881, 0.419570644291678, 0.1855543473997,
  // f 67//150 65//150 95//150
  -0.248617691270005, 0.4291679075122, 0.0405068656487103,
  -0.209433690903881, 0.419570644291678, 0.1855543473997,
  -0.315509066753403, 0.345595678043767, 0.041409133331372,
  // f 66//151 68//151 96//151
  -0.209433690903881, 0.419570644291678, 0.1855543473997,
  -0.248617691270005, 0.4291679075122, 0.0405068656487103,
  -0.315509066753403, 0.345595678043767, 0.041409133331372,
  // f 96//152 94//152 66//152
  -0.315509066753403, 0.345595678043767, 0.041409133331372,
  -0.268047223774982, 0.33397123009063, 0.217099392135519,
  -0.209433690903881, 0.419570644291678, 0.1855543473997,
  // f 95//153 97//153 67//153
  -0.315509066753403, 0.345595678043767, 0.041409133331372,
  -0.295248203157605, 0.351892787949718, -0.139711435991985,
  -0.248617691270005, 0.4291679075122, 0.0405068656487103,
  // f 69//154 67//154 97//154
  -0.231890614086416, 0.434364813761484, -0.109023808706568,
  -0.248617691270005, 0.4291679075122, 0.0405068656487103,
  -0.295248203157605, 0.351892787949718, -0.139711435991985,
  // f 68//155 70//155 98//155
  -0.248617691270005, 0.4291679075122, 0.0405068656487103,
  -0.231890614086416, 0.434364813761484, -0.109023808706568,
  -0.295248203157605, 0.351892787949718, -0.139711435991985,
  // f 98//156 96//156 68//156
  -0.295248203157605, 0.351892787949718, -0.139711435991985,
  -0.315509066753403, 0.345595678043767, 0.041409133331372,
  -0.248617691270005, 0.4291679075122, 0.0405068656487103,
  // f 69//157 97//157 71//157
  -0.231890614086416, 0.434364813761484, -0.109023808706568,
  -0.295248203157605, 0.351892787949718, -0.139711435991985,
  -0.162565655847474, 0.434133468941, -0.233421419745217,
  // f 99//158 71//158 97//158
  -0.211277584636289, 0.351613389308955, -0.290389452513346,
  -0.162565655847474, 0.434133468941, -0.233421419745217,
  -0.295248203157605, 0.351892787949718, -0.139711435991985,
  // f 72//159 100//159 98//159
  -0.162565655847474, 0.434133468941, -0.233421419745217,
  -0.211277584636289, 0.351613389308955, -0.290389452513346,
  -0.295248203157605, 0.351892787949718, -0.139711435991985,
  // f 98//160 70//160 72//160
  -0.295248203157605, 0.351892787949718, -0.139711435991985,
  -0.231890614086416, 0.434364813761484, -0.109023808706568,
  -0.162565655847474, 0.434133468941, -0.233421419745217,
  // f 99//161 101//161 71//161
  -0.211277584636289, 0.351613389308955, -0.290389452513346,
  -0.0802286383879197, 0.344815375533526, -0.380780747907044,
  -0.162565655847474, 0.434133468941, -0.233421419745217,
  // f 73//162 71//162 101//162
  -0.0543733948008164, 0.428522842181887, -0.308047400844048,
  -0.162565655847474, 0.434133468941, -0.233421419745217,
  -0.0802286383879197, 0.344815375533526, -0.380780747907044,
  // f 72//163 74//163 102//163
  -0.162565655847474, 0.434133468941, -0.233421419745217,
  -0.0543733948008164, 0.428522842181887, -0.308047400844048,
  -0.0802286383879197, 0.344815375533526, -0.380780747907044,
  // f 102//164 100//164 72//164
  -0.0802286383879197, 0.344815375533526, -0.380780747907044,
  -0.211277584636289, 0.351613389308955, -0.290389452513346,
  -0.162565655847474, 0.434133468941, -0.233421419745217,
  // f 103//165 75//165 101//165
  0.071942936633247, 0.332842880624943, -0.392982528186671,
  0.0712573687972707, 0.418637027211978, -0.318121083368475,
  -0.0802286383879197, 0.344815375533526, -0.380780747907044,
  // f 73//166 101//166 75//166
  -0.0543733948008164, 0.428522842181887, -0.308047400844048,
  -0.0802286383879197, 0.344815375533526, -0.380780747907044,
  0.0712573687972707, 0.418637027211978, -0.318121083368475,
  // f 102//167 74//167 76//167
  -0.0802286383879197, 0.344815375533526, -0.380780747907044,
  -0.0543733948008164, 0.428522842181887, -0.308047400844048,
  0.0712573687972707, 0.418637027211978, -0.318121083368475,
  // f 76//168 104//168 102//168
  0.0712573687972707, 0.418637027211978, -0.318121083368475,
  0.071942936633247, 0.332842880624943, -0.392982528186671,
  -0.0802286383879197, 0.344815375533526, -0.380780747907044,
  // f 105//169 77//169 103//169
  0.215097555520687, 0.318069763304973, -0.32457814384764,
  0.189443909151038, 0.406440967625241, -0.26164731846607,
  0.071942936633247, 0.332842880624943, -0.392982528186671,
  // f 75//170 103//170 77//170
  0.0712573687972707, 0.418637027211978, -0.318121083368475,
  0.071942936633247, 0.332842880624943, -0.392982528186671,
  0.189443909151038, 0.406440967625241, -0.26164731846607,
  // f 104//171 76//171 78//171
  0.071942936633247, 0.332842880624943, -0.392982528186671,
  0.0712573687972707, 0.418637027211978, -0.318121083368475,
  0.189443909151038, 0.406440967625241, -0.26164731846607,
  // f 78//172 106//172 104//172
  0.189443909151038, 0.406440967625241, -0.26164731846607,
  0.215097555520687, 0.318069763304973, -0.32457814384764,
  0.071942936633247, 0.332842880624943, -0.392982528186671,
  // f 79//173 77//173 107//173
  0.276777837436432, 0.394347194027382, -0.149811204875992,
  0.189443909151038, 0.406440967625241, -0.26164731846607,
  0.32088186251595, 0.303420212951435, -0.189115797448244,
  // f 105//174 107//174 77//174
  0.215097555520687, 0.318069763304973, -0.32457814384764,
  0.32088186251595, 0.303420212951435, -0.189115797448244,
  0.189443909151038, 0.406440967625241, -0.26164731846607,
  // f 108//175 106//175 78//175
  0.32088186251595, 0.303420212951435, -0.189115797448244,
  0.215097555520687, 0.318069763304973, -0.32457814384764,
  0.189443909151038, 0.406440967625241, -0.26164731846607,
  // f 78//176 80//176 108//176
  0.189443909151038, 0.406440967625241, -0.26164731846607,
  0.276777837436432, 0.394347194027382, -0.149811204875992,
  0.32088186251595, 0.303420212951435, -0.189115797448244,
  // f 81//177 79//177 109//177
  0.315961837802557, 0.384749930806862, -0.00476395195271763,
  0.276777837436432, 0.394347194027382, -0.149811204875992,
  0.368343476666656, 0.291795764998299, -0.0134255386440977,
  // f 107//178 109//178 79//178
  0.32088186251595, 0.303420212951435, -0.189115797448244,
  0.368343476666656, 0.291795764998299, -0.0134255386440977,
  0.276777837436432, 0.394347194027382, -0.149811204875992,
  // f 110//179 108//179 80//179
  0.368343476666656, 0.291795764998299, -0.0134255386440977,
  0.32088186251595, 0.303420212951435, -0.189115797448244,
  0.276777837436432, 0.394347194027382, -0.149811204875992,
  // f 80//180 82//180 110//180
  0.276777837436432, 0.394347194027382, -0.149811204875992,
  0.315961837802557, 0.384749930806862, -0.00476395195271763,
  0.368343476666656, 0.291795764998299, -0.0134255386440977,
  // f 111//181 83//181 109//181
  0.348082841898573, 0.285500714541787, 0.167695030679259,
  0.299234760618968, 0.379553482213007, 0.14476672240256,
  0.368343476666656, 0.291795764998299, -0.0134255386440977,
  // f 81//182 109//182 83//182
  0.315961837802557, 0.384749930806862, -0.00476395195271763,
  0.368343476666656, 0.291795764998299, -0.0134255386440977,
  0.299234760618968, 0.379553482213007, 0.14476672240256,
  // f 110//183 82//183 84//183
  0.368343476666656, 0.291795764998299, -0.0134255386440977,
  0.315961837802557, 0.384749930806862, -0.00476395195271763,
  0.299234760618968, 0.379553482213007, 0.14476672240256,
  // f 84//184 112//184 110//184
  0.299234760618968, 0.379553482213007, 0.14476672240256,
  0.348082841898573, 0.285500714541787, 0.167695030679259,
  0.368343476666656, 0.291795764998299, -0.0134255386440977,
  // f 86//185 58//185 111//185
  0.264112223377258, 0.28578011318255, 0.318372818372904,
  0.229909802380026, 0.379782309928621, 0.269164333441209,
  0.348082841898573, 0.285500714541787, 0.167695030679259,
